
9 = Number of matrices
19 = Number of regions of interest (ROIs)

  0.000000E+0000 -1.224694E-0001  1.248467E-0002 -6.745323E-0002 -1.554785E-0001 -4.831218E-0002 -1.104323E-0002 -1.291791E-0001 -2.327082E-0001 -3.190276E-0001  1.102189E-0001 -1.572104E-0001 -2.036661E-0001 -1.292796E-0001 -1.775077E-0001 -1.251979E-0001 -1.225686E-0001 -3.417946E-0001 -3.496307E-0001
 -1.224694E-0001  0.000000E+0000  1.615539E-0002 -7.102779E-0002 -1.251264E-0001 -7.704511E-0002 -6.734906E-0002 -1.949886E-0001 -2.500619E-0003 -1.169002E-0001  8.860525E-0002  3.183702E-0002 -9.252581E-0002 -7.233883E-0002 -4.108428E-0003  4.625676E-0002 -1.391332E-0001 -1.160584E-0001 -1.573163E-0001
  1.248467E-0002  1.615539E-0002  0.000000E+0000 -7.073006E-0002 -8.984260E-0003  2.005771E-0002  9.382247E-0002  8.312874E-0003 -6.498371E-0002 -1.907566E-0001  1.968715E-0001  7.512323E-0003 -2.320376E-0001 -1.614829E-0001 -8.496614E-0002 -1.867987E-0001 -2.704878E-0001 -2.732747E-0001 -4.557893E-0001
 -6.745323E-0002 -7.102779E-0002 -7.073006E-0002  0.000000E+0000 -2.655821E-0002 -2.842768E-0002  1.969253E-0002 -1.859895E-0001 -2.404277E-0002 -2.403071E-0001  5.217873E-0002 -1.376467E-0002 -2.253419E-0001 -2.612548E-0001 -1.556994E-0001 -1.524479E-0001 -1.466807E-0001 -2.754977E-0001 -3.168740E-0001
 -1.554785E-0001 -1.251264E-0001 -8.984260E-0003 -2.655821E-0002  0.000000E+0000 -5.575215E-0002 -1.897732E-0002 -2.863151E-0001 -2.568523E-0001 -3.627719E-0001 -1.494913E-0001 -3.319221E-0001 -2.190846E-0001 -3.638246E-0001 -2.790231E-0001 -2.270621E-0001 -1.031940E-0001 -3.130919E-0001 -1.656149E-0001
 -4.831218E-0002 -7.704511E-0002  2.005771E-0002 -2.842768E-0002 -5.575215E-0002  0.000000E+0000 -6.437439E-0002 -1.659851E-0002  3.908473E-0002 -1.236516E-0001  5.705331E-0002 -3.135482E-0002 -2.145337E-0002 -2.287119E-0001 -1.022120E-0001 -4.066658E-0002 -5.552217E-0002 -3.006721E-0001  4.125902E-0002
 -1.104323E-0002 -6.734906E-0002  9.382247E-0002  1.969253E-0002 -1.897732E-0002 -6.437439E-0002  0.000000E+0000 -3.348488E-0002  6.532481E-0002 -1.225271E-0001  9.420933E-0002  1.011847E-0001  4.591634E-0003 -8.718769E-0002  1.774197E-0002  9.866089E-0002  2.397102E-0001 -1.087686E-0001  1.218427E-0001
 -1.291791E-0001 -1.949886E-0001  8.312874E-0003 -1.859895E-0001 -2.863151E-0001 -1.659851E-0002 -3.348488E-0002  0.000000E+0000 -9.145882E-0002 -1.423112E-0001  2.392839E-0001  1.889569E-0001 -1.616591E-0001 -2.420006E-0001 -2.859543E-0002 -6.543756E-0002  3.066740E-0001 -9.804482E-0002 -2.898451E-0002
 -2.327082E-0001 -2.500619E-0003 -6.498371E-0002 -2.404277E-0002 -2.568523E-0001  3.908473E-0002  6.532481E-0002 -9.145882E-0002  0.000000E+0000 -2.158394E-0001 -1.424624E-0001  7.763747E-0003 -9.291379E-0002 -2.499260E-0001 -1.496429E-0001  1.882465E-0001 -3.491195E-0002 -1.203086E-0001  2.137990E-0001
 -3.190276E-0001 -1.169002E-0001 -1.907566E-0001 -2.403071E-0001 -3.627719E-0001 -1.236516E-0001 -1.225271E-0001 -1.423112E-0001 -2.158394E-0001  0.000000E+0000 -1.697559E-0001 -9.230906E-0002 -1.094199E-0001 -1.677832E-0001 -2.148935E-0001 -8.910483E-0002 -8.986593E-0002  2.584268E-0002 -1.930042E-0001
  1.102189E-0001  8.860525E-0002  1.968715E-0001  5.217873E-0002 -1.494913E-0001  5.705331E-0002  9.420933E-0002  2.392839E-0001 -1.424624E-0001 -1.697559E-0001  0.000000E+0000  1.023187E-0001  2.780507E-0001 -1.386390E-0001 -2.289805E-0001  3.000506E-0001  1.038862E-0001 -7.477654E-0002  2.173462E-0002
 -1.572104E-0001  3.183702E-0002  7.512323E-0003 -1.376467E-0002 -3.319221E-0001 -3.135482E-0002  1.011847E-0001  1.889569E-0001  7.763747E-0003 -9.230906E-0002  1.023187E-0001  0.000000E+0000  5.710826E-0002 -1.620271E-0001 -2.313966E-0001  5.077398E-0002  1.165366E-0001 -1.233471E-0001 -3.386496E-0002
 -2.036661E-0001 -9.252581E-0002 -2.320376E-0001 -2.253419E-0001 -2.190846E-0001 -2.145337E-0002  4.591634E-0003 -1.616591E-0001 -9.291379E-0002 -1.094199E-0001  2.780507E-0001  5.710826E-0002  0.000000E+0000  9.098673E-0002 -5.499616E-0002  8.562063E-0002  1.960931E-0003 -4.596750E-0002 -5.844963E-0003
 -1.292796E-0001 -7.233883E-0002 -1.614829E-0001 -2.612548E-0001 -3.638246E-0001 -2.287119E-0001 -8.718769E-0002 -2.420006E-0001 -2.499260E-0001 -1.677832E-0001 -1.386390E-0001 -1.620271E-0001  9.098673E-0002  0.000000E+0000 -1.758016E-0002 -1.969860E-0002 -1.024713E-0001 -7.453296E-0002 -1.320279E-0001
 -1.775077E-0001 -4.108428E-0003 -8.496614E-0002 -1.556994E-0001 -2.790231E-0001 -1.022120E-0001  1.774197E-0002 -2.859543E-0002 -1.496429E-0001 -2.148935E-0001 -2.289805E-0001 -2.313966E-0001 -5.499616E-0002 -1.758016E-0002  0.000000E+0000  9.041866E-0002 -1.556357E-0001 -6.834681E-0002 -1.101175E-0001
 -1.251979E-0001  4.625676E-0002 -1.867987E-0001 -1.524479E-0001 -2.270621E-0001 -4.066658E-0002  9.866089E-0002 -6.543756E-0002  1.882465E-0001 -8.910483E-0002  3.000506E-0001  5.077398E-0002  8.562063E-0002 -1.969860E-0002  9.041866E-0002  0.000000E+0000  3.676653E-0002  1.932004E-0002  1.456190E-0002
 -1.225686E-0001 -1.391332E-0001 -2.704878E-0001 -1.466807E-0001 -1.031940E-0001 -5.552217E-0002  2.397102E-0001  3.066740E-0001 -3.491195E-0002 -8.986593E-0002  1.038862E-0001  1.165366E-0001  1.960931E-0003 -1.024713E-0001 -1.556357E-0001  3.676653E-0002  0.000000E+0000 -1.149961E-0001  4.284894E-0002
 -3.417946E-0001 -1.160584E-0001 -2.732747E-0001 -2.754977E-0001 -3.130919E-0001 -3.006721E-0001 -1.087686E-0001 -9.804482E-0002 -1.203086E-0001  2.584268E-0002 -7.477654E-0002 -1.233471E-0001 -4.596750E-0002 -7.453296E-0002 -6.834681E-0002  1.932004E-0002 -1.149961E-0001  0.000000E+0000  5.014925E-0002
 -3.496307E-0001 -1.573163E-0001 -4.557893E-0001 -3.168740E-0001 -1.656149E-0001  4.125902E-0002  1.218427E-0001 -2.898451E-0002  2.137990E-0001 -1.930042E-0001  2.173462E-0002 -3.386496E-0002 -5.844963E-0003 -1.320279E-0001 -1.101175E-0001  1.456190E-0002  4.284894E-0002  5.014925E-0002  0.000000E+0000

  0.000000E+0000  1.605233E-0002  6.341114E-0003  1.349410E-0001  9.600752E-0004 -1.978432E-0002 -1.366482E-0001 -1.380637E-0002 -8.838364E-0002  2.265573E-0002  1.122179E-0001 -1.024378E-0001 -3.344815E-0002 -3.202890E-0002 -4.051499E-0002  1.624193E-0001  3.274198E-0002  1.486976E-0001 -3.096663E-0002
  1.605233E-0002  0.000000E+0000  1.104726E-0001  6.523160E-0002  6.168161E-0002  1.215281E-0001 -1.129484E-0001 -3.917916E-0002  2.336771E-0002  2.305831E-0002  9.685227E-0002  6.130619E-0002 -1.014506E-0001 -6.419434E-0003  2.426659E-0002  1.040827E-0001  8.076333E-0003  1.020897E-0001 -3.729184E-0002
  6.341114E-0003  1.104726E-0001  0.000000E+0000  8.746471E-0002 -9.437647E-0002  3.344417E-0002  5.968892E-0002  9.995395E-0002  3.465035E-0002  2.318721E-0002  1.259259E-0001  9.615238E-0003 -1.788109E-0002  4.143973E-0002 -3.429486E-0002  1.963149E-0001  2.390267E-0002 -5.337972E-0002  1.586416E-0001
  1.349410E-0001  6.523160E-0002  8.746471E-0002  0.000000E+0000 -9.321633E-0003 -8.888143E-0002  1.168936E-0001  6.548637E-0003  9.329451E-0002  1.465563E-0001 -7.037565E-0002 -1.787415E-0001  1.035009E-0001 -6.096131E-0002  7.461920E-0002 -2.077475E-0001 -5.294966E-0003 -1.260610E-0001 -7.122522E-0002
  9.600752E-0004  6.168161E-0002 -9.437647E-0002 -9.321633E-0003  0.000000E+0000  3.416282E-0002 -1.776762E-0001 -1.790882E-0001 -4.501683E-0002  4.626936E-0002  8.590295E-0002 -2.274226E-0002 -2.180484E-0001 -1.292743E-0001 -2.404917E-0002  8.388901E-0002  4.147460E-0002 -4.491976E-0002 -2.145872E-0002
 -1.978432E-0002  1.215281E-0001  3.344417E-0002 -8.888143E-0002  3.416282E-0002  0.000000E+0000  1.465550E-0001  1.160383E-0001  4.981043E-0002  2.122782E-0001  1.744424E-0001 -1.309838E-0001 -4.325963E-0002  1.041609E-0001  4.487037E-0002  1.278144E-0001 -9.110170E-0003 -3.214999E-0002  8.044990E-0002
 -1.366482E-0001 -1.129484E-0001  5.968892E-0002  1.168936E-0001 -1.776762E-0001  1.465550E-0001  0.000000E+0000  1.630639E-0001 -2.229510E-0002  1.215165E-0001  1.733716E-0001  1.534617E-0001 -4.942072E-0002  1.465241E-0002  6.806630E-0002  1.844175E-0001  1.158329E-0001  1.149953E-0001  1.284672E-0001
 -1.380637E-0002 -3.917916E-0002  9.995395E-0002  6.548637E-0003 -1.790882E-0001  1.160383E-0001  1.630639E-0001  0.000000E+0000 -3.621586E-0002 -8.562894E-0002  8.736834E-0002  5.624481E-0002  9.250668E-0002  2.217647E-0001  5.547233E-0002  1.471324E-0001  1.362551E-0001  2.616536E-0001  2.991644E-0001
 -8.838364E-0002  2.336771E-0002  3.465035E-0002  9.329451E-0002 -4.501683E-0002  4.981043E-0002 -2.229510E-0002 -3.621586E-0002  0.000000E+0000 -1.042843E-0001 -9.181323E-0003  9.010129E-0002  1.021366E-0001  8.330779E-0002 -6.570840E-0003 -6.752197E-0002  6.634144E-0002  4.123300E-0002  1.862035E-0001
  2.265573E-0002  2.305831E-0002  2.318721E-0002  1.465563E-0001  4.626936E-0002  2.122782E-0001  1.215165E-0001 -8.562894E-0002 -1.042843E-0001  0.000000E+0000  5.120949E-0003  4.649897E-0002  9.000290E-0002  3.936020E-0002 -3.300748E-0002  4.954199E-0002  1.365040E-0002  5.390496E-0003  8.609679E-0002
  1.122179E-0001  9.685227E-0002  1.259259E-0001 -7.037565E-0002  8.590295E-0002  1.744424E-0001  1.733716E-0001  8.736834E-0002 -9.181323E-0003  5.120949E-0003  0.000000E+0000  1.467153E-0001  2.236126E-0002  4.396730E-0002  1.183382E-0001  1.877652E-0001  1.005262E-0001 -2.921039E-0002  1.138586E-0001
 -1.024378E-0001  6.130619E-0002  9.615238E-0003 -1.787415E-0001 -2.274226E-0002 -1.309838E-0001  1.534617E-0001  5.624481E-0002  9.010129E-0002  4.649897E-0002  1.467153E-0001  0.000000E+0000  3.615247E-0002 -7.708462E-0002  1.438675E-0001  1.980500E-0001  2.103054E-0001 -1.082624E-0001  1.341781E-0001
 -3.344815E-0002 -1.014506E-0001 -1.788109E-0002  1.035009E-0001 -2.180484E-0001 -4.325963E-0002 -4.942072E-0002  9.250668E-0002  1.021366E-0001  9.000290E-0002  2.236126E-0002  3.615247E-0002  0.000000E+0000  2.491345E-0001  2.073178E-0002  2.536779E-0001  1.375687E-0001  1.114144E-0001  2.858817E-0001
 -3.202890E-0002 -6.419434E-0003  4.143973E-0002 -6.096131E-0002 -1.292743E-0001  1.041609E-0001  1.465241E-0002  2.217647E-0001  8.330779E-0002  3.936020E-0002  4.396730E-0002 -7.708462E-0002  2.491345E-0001  0.000000E+0000  4.297901E-0002 -5.899613E-0002  1.341764E-0001  1.235775E-0001  3.033992E-0001
 -4.051499E-0002  2.426659E-0002 -3.429486E-0002  7.461920E-0002 -2.404917E-0002  4.487037E-0002  6.806630E-0002  5.547233E-0002 -6.570840E-0003 -3.300748E-0002  1.183382E-0001  1.438675E-0001  2.073178E-0002  4.297901E-0002  0.000000E+0000  4.919349E-0002  2.191681E-0001  2.724015E-0002  3.121977E-0001
  1.624193E-0001  1.040827E-0001  1.963149E-0001 -2.077475E-0001  8.388901E-0002  1.278144E-0001  1.844175E-0001  1.471324E-0001 -6.752197E-0002  4.954199E-0002  1.877652E-0001  1.980500E-0001  2.536779E-0001 -5.899613E-0002  4.919349E-0002  0.000000E+0000  3.459611E-0001 -1.624226E-0001  2.357356E-0001
  3.274198E-0002  8.076333E-0003  2.390267E-0002 -5.294966E-0003  4.147460E-0002 -9.110170E-0003  1.158329E-0001  1.362551E-0001  6.634144E-0002  1.365040E-0002  1.005262E-0001  2.103054E-0001  1.375687E-0001  1.341764E-0001  2.191681E-0001  3.459611E-0001  0.000000E+0000 -1.284495E-0001  1.628021E-0001
  1.486976E-0001  1.020897E-0001 -5.337972E-0002 -1.260610E-0001 -4.491976E-0002 -3.214999E-0002  1.149953E-0001  2.616536E-0001  4.123300E-0002  5.390496E-0003 -2.921039E-0002 -1.082624E-0001  1.114144E-0001  1.235775E-0001  2.724015E-0002 -1.624226E-0001 -1.284495E-0001  0.000000E+0000  1.697278E-0001
 -3.096663E-0002 -3.729184E-0002  1.586416E-0001 -7.122522E-0002 -2.145872E-0002  8.044990E-0002  1.284672E-0001  2.991644E-0001  1.862035E-0001  8.609679E-0002  1.138586E-0001  1.341781E-0001  2.858817E-0001  3.033992E-0001  3.121977E-0001  2.357356E-0001  1.628021E-0001  1.697278E-0001  0.000000E+0000

  0.000000E+0000  5.583012E-0002 -1.682312E-0001  1.244973E-0001  2.718103E-0002  2.011654E-0001  2.815356E-0003 -1.019249E-0002  3.837766E-0002  3.972011E-0002 -7.542475E-0002  8.586630E-0002  1.103049E-0002  6.896406E-0003  5.014969E-0003  8.147684E-0002  1.362834E-0001 -1.493542E-0002  1.464269E-0001
  5.583012E-0002  0.000000E+0000 -3.182026E-0002  1.087319E-0001  5.632947E-0002  2.057560E-0001  6.544166E-0002  6.094570E-0002  1.183233E-0001  7.503030E-0002  1.138554E-0001  1.431340E-0001  1.316668E-0001  1.490392E-0001 -2.751664E-0002  1.911800E-0001  2.337052E-0001  3.687379E-0002  3.907963E-0001
 -1.682312E-0001 -3.182026E-0002  0.000000E+0000 -1.264951E-0002  3.331805E-0002  2.135623E-0001  1.195432E-0001  9.313595E-0002  1.278970E-0001  6.396968E-0002 -9.207620E-0002  1.013966E-0002 -3.223650E-0002  1.237058E-0001  1.110668E-0003  2.243333E-0002  5.704125E-0002  1.257082E-0003  1.652372E-0001
  1.244973E-0001  1.087319E-0001 -1.264951E-0002  0.000000E+0000  1.630565E-0001  1.826208E-0001  1.107921E-0001  8.187848E-0002  1.384658E-0001  9.630707E-0002  8.368853E-0002  2.224181E-0001  1.056085E-0001  9.906454E-0002  5.774203E-0002  7.907832E-0002  1.266004E-0001  1.146204E-0002  2.251060E-0001
  2.718103E-0002  5.632947E-0002  3.331805E-0002  1.630565E-0001  0.000000E+0000  1.669437E-0001  6.018153E-0002  1.062806E-0001  7.282457E-0002  6.509825E-0002  7.953531E-0002  1.536883E-0001  1.876961E-0002  1.320676E-0001  7.354044E-0002  2.038673E-0001  8.856515E-0002  1.315684E-0002  1.148391E-0001
  2.011654E-0001  2.057560E-0001  2.135623E-0001  1.826208E-0001  1.669437E-0001  0.000000E+0000  4.362514E-0002  2.582200E-0001  2.013812E-0001  8.319144E-0002  1.541265E-0001  5.373844E-0002  9.547830E-0002  2.702455E-0001  9.721494E-0002  1.764572E-0001  1.653195E-0001  1.955661E-0001  2.733308E-0001
  2.815356E-0003  6.544166E-0002  1.195432E-0001  1.107921E-0001  6.018153E-0002  4.362514E-0002  0.000000E+0000  2.256263E-0001  1.866409E-0001  1.186839E-0001  1.314865E-0001  2.446468E-0001  1.878493E-0001  2.448879E-0001  1.530938E-0001  2.574829E-0001  1.474967E-0001  8.070605E-0002  3.383260E-0001
 -1.019249E-0002  6.094570E-0002  9.313595E-0002  8.187848E-0002  1.062806E-0001  2.582200E-0001  2.256263E-0001  0.000000E+0000  3.136861E-0001  7.147366E-0002 -3.297377E-0001 -3.309699E-0001 -1.950624E-0001  1.937156E-0001  3.121343E-0002 -1.194528E-0002 -1.229670E-0001  1.794565E-0001  2.545265E-0001
  3.837766E-0002  1.183233E-0001  1.278970E-0001  1.384658E-0001  7.282457E-0002  2.013812E-0001  1.866409E-0001  3.136861E-0001  0.000000E+0000  4.477703E-0002  2.160691E-0001  1.605535E-0001  2.152941E-0001  1.460457E-0001  1.706243E-0002  1.455393E-0001  1.944296E-0001  2.030058E-0001  3.614140E-0001
  3.972011E-0002  7.503030E-0002  6.396968E-0002  9.630707E-0002  6.509825E-0002  8.319144E-0002  1.186839E-0001  7.147366E-0002  4.477703E-0002  0.000000E+0000  7.071853E-0002 -4.078536E-0002  1.388489E-0001  2.171279E-0001  1.268100E-0001  9.786882E-0002  6.163511E-0002  1.731103E-0001  2.033010E-0001
 -7.542475E-0002  1.138554E-0001 -9.207620E-0002  8.368853E-0002  7.953531E-0002  1.541265E-0001  1.314865E-0001 -3.297377E-0001  2.160691E-0001  7.071853E-0002  0.000000E+0000  8.788929E-0002  3.669435E-0002 -1.962045E-0001 -2.784809E-0002  3.877635E-0002  9.071383E-0003  9.617510E-0003 -5.448504E-0002
  8.586630E-0002  1.431340E-0001  1.013966E-0002  2.224181E-0001  1.536883E-0001  5.373844E-0002  2.446468E-0001 -3.309699E-0001  1.605535E-0001 -4.078536E-0002  8.788929E-0002  0.000000E+0000 -5.119704E-0002 -7.588433E-0002 -6.640072E-0002  1.459800E-0001 -1.444219E-0001 -1.729349E-0001  4.478918E-0002
  1.103049E-0002  1.316668E-0001 -3.223650E-0002  1.056085E-0001  1.876961E-0002  9.547830E-0002  1.878493E-0001 -1.950624E-0001  2.152941E-0001  1.388489E-0001  3.669435E-0002 -5.119704E-0002  0.000000E+0000  1.608024E-0001  1.251722E-0001  1.155719E-0001 -1.393703E-0001  1.724078E-0001  1.067647E-0001
  6.896406E-0003  1.490392E-0001  1.237058E-0001  9.906454E-0002  1.320676E-0001  2.702455E-0001  2.448879E-0001  1.937156E-0001  1.460457E-0001  2.171279E-0001 -1.962045E-0001 -7.588433E-0002  1.608024E-0001  0.000000E+0000  1.467762E-0001 -3.015309E-0002  3.249865E-0002  2.149260E-0001  7.483246E-0002
  5.014969E-0003 -2.751664E-0002  1.110668E-0003  5.774203E-0002  7.354044E-0002  9.721494E-0002  1.530938E-0001  3.121343E-0002  1.706243E-0002  1.268100E-0001 -2.784809E-0002 -6.640072E-0002  1.251722E-0001  1.467762E-0001  0.000000E+0000  8.009400E-0002  1.391711E-0001  1.465400E-0001  2.267255E-0001
  8.147684E-0002  1.911800E-0001  2.243333E-0002  7.907832E-0002  2.038673E-0001  1.764572E-0001  2.574829E-0001 -1.194528E-0002  1.455393E-0001  9.786882E-0002  3.877635E-0002  1.459800E-0001  1.155719E-0001 -3.015309E-0002  8.009400E-0002  0.000000E+0000  1.179338E-0001  1.673208E-0001  2.603064E-0001
  1.362834E-0001  2.337052E-0001  5.704125E-0002  1.266004E-0001  8.856515E-0002  1.653195E-0001  1.474967E-0001 -1.229670E-0001  1.944296E-0001  6.163511E-0002  9.071383E-0003 -1.444219E-0001 -1.393703E-0001  3.249865E-0002  1.391711E-0001  1.179338E-0001  0.000000E+0000 -6.688628E-0002  1.128074E-0001
 -1.493542E-0002  3.687379E-0002  1.257082E-0003  1.146204E-0002  1.315684E-0002  1.955661E-0001  8.070605E-0002  1.794565E-0001  2.030058E-0001  1.731103E-0001  9.617510E-0003 -1.729349E-0001  1.724078E-0001  2.149260E-0001  1.465400E-0001  1.673208E-0001 -6.688628E-0002  0.000000E+0000 -1.277544E-0001
  1.464269E-0001  3.907963E-0001  1.652372E-0001  2.251060E-0001  1.148391E-0001  2.733308E-0001  3.383260E-0001  2.545265E-0001  3.614140E-0001  2.033010E-0001 -5.448504E-0002  4.478918E-0002  1.067647E-0001  7.483246E-0002  2.267255E-0001  2.603064E-0001  1.128074E-0001 -1.277544E-0001  0.000000E+0000

  0.000000E+0000  1.671447E-0001 -2.151541E-0001  1.070228E-0001  1.146280E-0001  1.376233E-0001  7.803896E-0002  4.230081E-0002  2.096944E-0001  4.719377E-0002  4.887993E-0002  1.516708E-0001  1.690779E-0001 -1.094306E-0001 -5.095770E-0002 -4.292273E-0002  3.618225E-0002  3.693577E-0002  1.625624E-0001
  1.671447E-0001  0.000000E+0000  2.067613E-0001  2.796013E-0001  1.498108E-0001  9.027538E-0002  2.898597E-0001  4.417184E-0002  2.177067E-0001  1.653692E-0001  1.327846E-0001  1.465483E-0001  2.077530E-0001  8.868245E-0003  1.402557E-0001  3.405791E-0002  2.133354E-0001  1.217340E-0001  3.503558E-0001
 -2.151541E-0001  2.067613E-0001  0.000000E+0000  1.518323E-0001  2.852700E-0002  3.056918E-0001  3.315901E-0001  2.497683E-0001  1.726445E-0001  7.797200E-0002  8.071869E-0002  1.421232E-0001  1.627316E-0001  7.722938E-0002  4.598612E-0002  6.726988E-0002  1.122254E-0001  5.879162E-0002 -5.856618E-0002
  1.070228E-0001  2.796013E-0001  1.518323E-0001  0.000000E+0000  7.681387E-0002  7.922080E-0002  1.658897E-0001  7.646377E-0002  2.377335E-0001  1.328692E-0001  3.035811E-0002  2.083295E-0001  3.155147E-0001  1.276831E-0001  1.475057E-0001  5.116092E-0002 -3.293690E-0002  1.932886E-0002  2.015750E-0001
  1.146280E-0001  1.498108E-0001  2.852700E-0002  7.681387E-0002  0.000000E+0000  1.602900E-0001  1.625320E-0001  1.319560E-0003  2.090474E-0001  1.338312E-0001  1.251299E-0001  8.763190E-0002  9.403615E-0003  1.403259E-0001  8.321567E-0002  3.184850E-0002  5.285235E-0002 -2.855784E-0002  7.650266E-0002
  1.376233E-0001  9.027538E-0002  3.056918E-0001  7.922080E-0002  1.602900E-0001  0.000000E+0000  2.014625E-0001  1.159597E-0001  2.680213E-0001  1.177413E-0001  9.702868E-0002  1.494701E-0001  9.332758E-0002  5.751487E-0002  1.341806E-0001  1.216240E-0001  1.523705E-0001  1.988330E-0001  9.698233E-0002
  7.803896E-0002  2.898597E-0001  3.315901E-0001  1.658897E-0001  1.625320E-0001  2.014625E-0001  0.000000E+0000  9.162258E-0002  2.964789E-0001  1.993960E-0001  2.091396E-0001  1.291467E-0001  2.818157E-0001  1.347997E-0001  2.756234E-0001  1.467826E-0001  9.443077E-0002  9.423991E-0002  2.618926E-0001
  4.230081E-0002  4.417184E-0002  2.497683E-0001  7.646377E-0002  1.319560E-0003  1.159597E-0001  9.162258E-0002  0.000000E+0000  2.915324E-0001  9.500709E-0002  3.424646E-0002  1.897327E-0002 -8.540834E-0002  7.011003E-0002  6.619328E-0002  7.797354E-0002 -2.176696E-0002  2.330547E-0001  2.878613E-0001
  2.096944E-0001  2.177067E-0001  1.726445E-0001  2.377335E-0001  2.090474E-0001  2.680213E-0001  2.964789E-0001  2.915324E-0001  0.000000E+0000  2.431409E-0001  3.388180E-0001  2.514413E-0001  2.684091E-0001  7.566028E-0002  1.922609E-0001  1.133717E-0001  2.011741E-0001  2.163215E-0001  1.468460E-0001
  4.719377E-0002  1.653692E-0001  7.797200E-0002  1.328692E-0001  1.338312E-0001  1.177413E-0001  1.993960E-0001  9.500709E-0002  2.431409E-0001  0.000000E+0000  3.184490E-0002  2.185074E-0001  2.855835E-0001  1.446926E-0001  2.130669E-0001  1.270121E-0001  2.170996E-0001  1.050483E-0001  2.130691E-0001
  4.887993E-0002  1.327846E-0001  8.071869E-0002  3.035811E-0002  1.251299E-0001  9.702868E-0002  2.091396E-0001  3.424646E-0002  3.388180E-0001  3.184490E-0002  0.000000E+0000  1.262643E-0001  1.851776E-0001  8.748871E-0002  1.981503E-0001  8.976316E-0002  1.020541E-0001  1.440197E-0001  1.646478E-0001
  1.516708E-0001  1.465483E-0001  1.421232E-0001  2.083295E-0001  8.763190E-0002  1.494701E-0001  1.291467E-0001  1.897327E-0002  2.514413E-0001  2.185074E-0001  1.262643E-0001  0.000000E+0000  1.422341E-0001  7.182643E-0002  2.225146E-0001  7.430874E-0002 -1.572614E-0002 -4.756872E-0003  8.480041E-0002
  1.690779E-0001  2.077530E-0001  1.627316E-0001  3.155147E-0001  9.403615E-0003  9.332758E-0002  2.818157E-0001 -8.540834E-0002  2.684091E-0001  2.855835E-0001  1.851776E-0001  1.422341E-0001  0.000000E+0000  1.724345E-0001  2.805888E-0001  1.407191E-0001 -1.066223E-0002  1.249002E-0001  5.696684E-0002
 -1.094306E-0001  8.868245E-0003  7.722938E-0002  1.276831E-0001  1.403259E-0001  5.751487E-0002  1.347997E-0001  7.011003E-0002  7.566028E-0002  1.446926E-0001  8.748871E-0002  7.182643E-0002  1.724345E-0001  0.000000E+0000  2.767891E-0001 -2.572933E-0001 -3.012918E-0002 -1.757160E-0001 -8.695482E-0002
 -5.095770E-0002  1.402557E-0001  4.598612E-0002  1.475057E-0001  8.321567E-0002  1.341806E-0001  2.756234E-0001  6.619328E-0002  1.922609E-0001  2.130669E-0001  1.981503E-0001  2.225146E-0001  2.805888E-0001  2.767891E-0001  0.000000E+0000  3.855488E-0002  1.357127E-0001 -2.300114E-0001  1.521832E-0002
 -4.292273E-0002  3.405791E-0002  6.726988E-0002  5.116092E-0002  3.184850E-0002  1.216240E-0001  1.467826E-0001  7.797354E-0002  1.133717E-0001  1.270121E-0001  8.976316E-0002  7.430874E-0002  1.407191E-0001 -2.572933E-0001  3.855488E-0002  0.000000E+0000  3.505399E-0004 -1.311339E-0001  1.475626E-0001
  3.618225E-0002  2.133354E-0001  1.122254E-0001 -3.293690E-0002  5.285235E-0002  1.523705E-0001  9.443077E-0002 -2.176696E-0002  2.011741E-0001  2.170996E-0001  1.020541E-0001 -1.572614E-0002 -1.066223E-0002 -3.012918E-0002  1.357127E-0001  3.505399E-0004  0.000000E+0000 -1.968110E-0001 -1.368866E-0002
  3.693577E-0002  1.217340E-0001  5.879162E-0002  1.932886E-0002 -2.855784E-0002  1.988330E-0001  9.423991E-0002  2.330547E-0001  2.163215E-0001  1.050483E-0001  1.440197E-0001 -4.756872E-0003  1.249002E-0001 -1.757160E-0001 -2.300114E-0001 -1.311339E-0001 -1.968110E-0001  0.000000E+0000 -2.095788E-0001
  1.625624E-0001  3.503558E-0001 -5.856618E-0002  2.015750E-0001  7.650266E-0002  9.698233E-0002  2.618926E-0001  2.878613E-0001  1.468460E-0001  2.130691E-0001  1.646478E-0001  8.480041E-0002  5.696684E-0002 -8.695482E-0002  1.521832E-0002  1.475626E-0001 -1.368866E-0002 -2.095788E-0001  0.000000E+0000

  0.000000E+0000 -1.073620E-0001  1.422782E-0001  1.298975E-0001  3.134735E-0001  8.617067E-0002  7.622222E-0002  1.676456E-0001  5.380135E-0001  3.677332E-0001  3.373180E-0001  5.735555E-0001  3.207970E-0001  2.488213E-0001  2.958794E-0001  1.293167E-0001  3.507683E-0001  9.608223E-0002  1.559242E-0001
 -1.073620E-0001  0.000000E+0000  2.417563E-0001  3.525568E-0001  1.519026E-0001  9.897079E-0002  1.695155E-0001  3.953609E-0001  5.924297E-0001  3.619847E-0001  4.072874E-0001  4.860452E-0001  3.955392E-0001  9.069672E-0002  1.767656E-0001  3.965636E-0001  3.586983E-0001  1.744358E-0001  5.053105E-0001
  1.422782E-0001  2.417563E-0001  0.000000E+0000  3.171965E-0001  3.528803E-0001  2.949860E-0001  3.890327E-0001  1.689945E-0001  3.531747E-0001  2.413962E-0001  5.746593E-0001  4.604293E-0001  3.310207E-0001  1.630862E-0001  4.186836E-0001  2.326494E-0001  2.187264E-0001  2.538542E-0001  2.424064E-0001
  1.298975E-0001  3.525568E-0001  3.171965E-0001  0.000000E+0000  4.527888E-0001  2.240788E-0001  3.636309E-0001  3.459589E-0001  5.211120E-0001  3.228306E-0001  2.992803E-0001  2.739485E-0001  2.508979E-0001  1.484310E-0001  4.025247E-0001  2.743434E-0001 -3.328909E-0002 -1.452988E-0002  1.368724E-0001
  3.134735E-0001  1.519026E-0001  3.528803E-0001  4.527888E-0001  0.000000E+0000  1.884918E-0001  3.141649E-0001  4.117921E-0001  5.408362E-0001  1.725923E-0001  2.815655E-0001  3.357686E-0001  4.262643E-0001  3.938535E-0001  4.070773E-0001  2.117352E-0001  4.391727E-0001  3.648655E-0001  4.887967E-0001
  8.617067E-0002  9.897079E-0002  2.949860E-0001  2.240788E-0001  1.884918E-0001  0.000000E+0000  6.909683E-0002  3.394311E-0001  3.649778E-0001  1.058016E-0001  3.164912E-0001  2.088725E-0001  2.183685E-0001  1.273648E-0001  3.970548E-0001  4.651022E-0001  2.796952E-0001  2.196957E-0001  3.003842E-0001
  7.622222E-0002  1.695155E-0001  3.890327E-0001  3.636309E-0001  3.141649E-0001  6.909683E-0002  0.000000E+0000  5.012391E-0001  4.038570E-0001  4.925448E-0001  3.081540E-0001  5.082774E-0001  4.279878E-0001  1.011845E-0001  3.701673E-0001  5.357751E-0001  3.959347E-0001  5.463169E-0001  5.593508E-0001
  1.676456E-0001  3.953609E-0001  1.689945E-0001  3.459589E-0001  4.117921E-0001  3.394311E-0001  5.012391E-0001  0.000000E+0000  6.439866E-0001  5.320179E-0001  5.617393E-0001  5.729245E-0002  2.139561E-0001  5.161014E-0001  5.254765E-0001  4.608704E-0001  2.421397E-0001  2.941258E-0001  2.853666E-0001
  5.380135E-0001  5.924297E-0001  3.531747E-0001  5.211120E-0001  5.408362E-0001  3.649778E-0001  4.038570E-0001  6.439866E-0001  0.000000E+0000  5.637960E-0001  5.215611E-0001  5.491555E-0001  6.565354E-0001  6.499729E-0001  5.911409E-0001  4.809701E-0001  4.672433E-0001  6.171641E-0001  5.539907E-0001
  3.677332E-0001  3.619847E-0001  2.413962E-0001  3.228306E-0001  1.725923E-0001  1.058016E-0001  4.925448E-0001  5.320179E-0001  5.637960E-0001  0.000000E+0000  3.767759E-0001  4.664488E-0001  4.863011E-0001  5.966796E-0001  5.521265E-0001  4.808857E-0001  3.954604E-0001  3.154936E-0001  4.607659E-0001
  3.373180E-0001  4.072874E-0001  5.746593E-0001  2.992803E-0001  2.815655E-0001  3.164912E-0001  3.081540E-0001  5.617393E-0001  5.215611E-0001  3.767759E-0001  0.000000E+0000  4.333986E-0001  4.911168E-0001  5.784183E-0001  5.242082E-0001  5.455905E-0001  5.368894E-0001  4.318768E-0001  5.524317E-0001
  5.735555E-0001  4.860452E-0001  4.604293E-0001  2.739485E-0001  3.357686E-0001  2.088725E-0001  5.082774E-0001  5.729245E-0002  5.491555E-0001  4.664488E-0001  4.333986E-0001  0.000000E+0000  2.421490E-0001  3.167541E-0001  3.993527E-0001  5.130873E-0001  2.969868E-0001  6.026170E-0001  4.111560E-0001
  3.207970E-0001  3.955392E-0001  3.310207E-0001  2.508979E-0001  4.262643E-0001  2.183685E-0001  4.279878E-0001  2.139561E-0001  6.565354E-0001  4.863011E-0001  4.911168E-0001  2.421490E-0001  0.000000E+0000  4.823920E-0001  5.091466E-0001  6.513466E-0001  5.755760E-0001  2.849348E-0001  5.700359E-0001
  2.488213E-0001  9.069672E-0002  1.630862E-0001  1.484310E-0001  3.938535E-0001  1.273648E-0001  1.011845E-0001  5.161014E-0001  6.499729E-0001  5.966796E-0001  5.784183E-0001  3.167541E-0001  4.823920E-0001  0.000000E+0000  4.524952E-0001  4.996831E-0001  4.632921E-0001  1.068873E-0001  4.551277E-0002
  2.958794E-0001  1.767656E-0001  4.186836E-0001  4.025247E-0001  4.070773E-0001  3.970548E-0001  3.701673E-0001  5.254765E-0001  5.911409E-0001  5.521265E-0001  5.242082E-0001  3.993527E-0001  5.091466E-0001  4.524952E-0001  0.000000E+0000  5.300254E-0001  4.018717E-0001  4.686272E-0001  4.038927E-0001
  1.293167E-0001  3.965636E-0001  2.326494E-0001  2.743434E-0001  2.117352E-0001  4.651022E-0001  5.357751E-0001  4.608704E-0001  4.809701E-0001  4.808857E-0001  5.455905E-0001  5.130873E-0001  6.513466E-0001  4.996831E-0001  5.300254E-0001  0.000000E+0000  4.816298E-0001  4.462963E-0001  2.310487E-0001
  3.507683E-0001  3.586983E-0001  2.187264E-0001 -3.328909E-0002  4.391727E-0001  2.796952E-0001  3.959347E-0001  2.421397E-0001  4.672433E-0001  3.954604E-0001  5.368894E-0001  2.969868E-0001  5.755760E-0001  4.632921E-0001  4.018717E-0001  4.816298E-0001  0.000000E+0000  4.842523E-0001  4.656559E-0001
  9.608223E-0002  1.744358E-0001  2.538542E-0001 -1.452988E-0002  3.648655E-0001  2.196957E-0001  5.463169E-0001  2.941258E-0001  6.171641E-0001  3.154936E-0001  4.318768E-0001  6.026170E-0001  2.849348E-0001  1.068873E-0001  4.686272E-0001  4.462963E-0001  4.842523E-0001  0.000000E+0000 -4.110868E-0002
  1.559242E-0001  5.053105E-0001  2.424064E-0001  1.368724E-0001  4.887967E-0001  3.003842E-0001  5.593508E-0001  2.853666E-0001  5.539907E-0001  4.607659E-0001  5.524317E-0001  4.111560E-0001  5.700359E-0001  4.551277E-0002  4.038927E-0001  2.310487E-0001  4.656559E-0001 -4.110868E-0002  0.000000E+0000

  0.000000E+0000  4.134518E-0002 -1.347329E-0001 -2.163486E-0001  9.940848E-0002  2.177083E-0001 -1.225603E-0001 -3.566112E-0002  2.382990E-0001 -1.642749E-0001 -8.918048E-0003 -1.713618E-0001  1.248287E-0001  1.793949E-0002  1.598132E-0001 -2.383147E-0001  2.637953E-0001  1.354144E-0001  4.764609E-0002
  4.134518E-0002  0.000000E+0000 -4.298274E-0002 -4.860822E-0002  4.022773E-0002 -4.738186E-0002  3.727072E-0002  8.218699E-0002  1.543757E-0001 -4.092428E-0002  9.907922E-0002  2.792844E-0001  6.706642E-0002 -1.520784E-0001  8.043877E-0002  4.853068E-0001  3.122874E-0001  2.791799E-0001  5.167574E-0001
 -1.347329E-0001 -4.298274E-0002  0.000000E+0000  1.987540E-0001 -5.320584E-0002  1.318154E-0001 -1.673088E-0002 -1.264100E-0001  2.641532E-0002 -3.685686E-0002  2.278322E-0001  7.969099E-0002 -2.148389E-0001  1.034783E-0001  3.304888E-0001  7.982930E-0002  2.091278E-0001  2.852515E-0001  3.499799E-0002
 -2.163486E-0001 -4.860822E-0002  1.987540E-0001  0.000000E+0000  2.397657E-0001 -2.224460E-0002 -1.346685E-0001 -7.691167E-0002  2.795900E-0001  3.117481E-0001  2.054048E-0001 -5.265639E-0002 -2.037304E-0001 -7.354753E-0002  8.843073E-0002 -1.311726E-0001  1.676993E-0001  9.875353E-0002  3.710120E-0001
  9.940848E-0002  4.022773E-0002 -5.320584E-0002  2.397657E-0001  0.000000E+0000 -1.622881E-0001  1.345296E-0001 -5.624822E-0002  3.151432E-0001  1.728095E-0001  4.642124E-0002 -3.495939E-0002 -7.912153E-0002  2.212205E-0001  2.273274E-0001  1.046357E-0001 -1.514373E-0002 -5.478153E-0003 -1.653254E-0001
  2.177083E-0001 -4.738186E-0002  1.318154E-0001 -2.224460E-0002 -1.622881E-0001  0.000000E+0000 -2.287725E-0002  8.465818E-0002  2.099471E-0001  1.570594E-0001  2.303980E-0001 -6.714433E-0003 -1.363559E-0001  7.145412E-0002  4.671702E-0002  4.078284E-0001  5.238858E-0002  3.699251E-0002  1.812100E-0001
 -1.225603E-0001  3.727072E-0002 -1.673088E-0002 -1.346685E-0001  1.345296E-0001 -2.287725E-0002  0.000000E+0000  3.379590E-0001  2.968394E-0001  2.329458E-0001 -2.432675E-0002  2.749492E-0001 -1.310290E-0001  3.325076E-0002  1.861623E-0001  6.678651E-0001  2.494422E-0002  3.792716E-0001  4.304134E-0001
 -3.566112E-0002  8.218699E-0002 -1.264100E-0001 -7.691167E-0002 -5.624822E-0002  8.465818E-0002  3.379590E-0001  0.000000E+0000  2.105434E-0001  3.853662E-0001  1.747291E-0001  3.052778E-0001  1.088335E-0001  1.137403E-0001  3.414278E-0001  1.307906E-0001  3.024673E-0001  3.278170E-0001  3.400498E-0001
  2.382990E-0001  1.543757E-0001  2.641532E-0002  2.795900E-0001  3.151432E-0001  2.099471E-0001  2.968394E-0001  2.105434E-0001  0.000000E+0000  1.280999E-0001  8.287065E-0002  8.844630E-0002  3.707526E-0001  4.364325E-0001  1.980252E-0001  2.779833E-0001  4.965802E-0001  3.856248E-0001  1.910445E-0001
 -1.642749E-0001 -4.092428E-0002 -3.685686E-0002  3.117481E-0001  1.728095E-0001  1.570594E-0001  2.329458E-0001  3.853662E-0001  1.280999E-0001  0.000000E+0000  2.065939E-0001  4.280569E-0001  5.689621E-0002  3.334878E-0001  2.789426E-0001  1.418537E-0001  1.822983E-0001  2.664083E-0001  9.572984E-0002
 -8.918048E-0003  9.907922E-0002  2.278322E-0001  2.054048E-0001  4.642124E-0002  2.303980E-0001 -2.432675E-0002  1.747291E-0001  8.287065E-0002  2.065939E-0001  0.000000E+0000  7.485359E-0002  1.645325E-0001  2.230876E-0001  2.944204E-0001  2.864386E-0001  9.226496E-0002  2.408634E-0001  1.462701E-0001
 -1.713618E-0001  2.792844E-0001  7.969099E-0002 -5.265639E-0002 -3.495939E-0002 -6.714433E-0003  2.749492E-0001  3.052778E-0001  8.844630E-0002  4.280569E-0001  7.485359E-0002  0.000000E+0000  4.942894E-0001  4.277602E-0001  3.566212E-0001  5.026354E-0001  1.456199E-0001  3.620190E-0001  3.754438E-0001
  1.248287E-0001  6.706642E-0002 -2.148389E-0001 -2.037304E-0001 -7.912153E-0002 -1.363559E-0001 -1.310290E-0001  1.088335E-0001  3.707526E-0001  5.689621E-0002  1.645325E-0001  4.942894E-0001  0.000000E+0000  4.310723E-0001  3.743811E-0001  4.615000E-0001  5.378450E-0001  1.021637E-0001  4.863216E-0001
  1.793949E-0002 -1.520784E-0001  1.034783E-0001 -7.354753E-0002  2.212205E-0001  7.145412E-0002  3.325076E-0002  1.137403E-0001  4.364325E-0001  3.334878E-0001  2.230876E-0001  4.277602E-0001  4.310723E-0001  0.000000E+0000  3.902013E-0001  1.667182E-0001  2.193106E-0001  5.731507E-0001  2.311334E-0001
  1.598132E-0001  8.043877E-0002  3.304888E-0001  8.843073E-0002  2.273274E-0001  4.671702E-0002  1.861623E-0001  3.414278E-0001  1.980252E-0001  2.789426E-0001  2.944204E-0001  3.566212E-0001  3.743811E-0001  3.902013E-0001  0.000000E+0000  1.865731E-0001  2.599937E-0001  3.298944E-0001  1.157522E-0001
 -2.383147E-0001  4.853068E-0001  7.982930E-0002 -1.311726E-0001  1.046357E-0001  4.078284E-0001  6.678651E-0001  1.307906E-0001  2.779833E-0001  1.418537E-0001  2.864386E-0001  5.026354E-0001  4.615000E-0001  1.667182E-0001  1.865731E-0001  0.000000E+0000  4.625793E-0001  1.019538E-0001  3.147113E-0001
  2.637953E-0001  3.122874E-0001  2.091278E-0001  1.676993E-0001 -1.514373E-0002  5.238858E-0002  2.494422E-0002  3.024673E-0001  4.965802E-0001  1.822983E-0001  9.226496E-0002  1.456199E-0001  5.378450E-0001  2.193106E-0001  2.599937E-0001  4.625793E-0001  0.000000E+0000  3.852986E-0001  4.179390E-0001
  1.354144E-0001  2.791799E-0001  2.852515E-0001  9.875353E-0002 -5.478153E-0003  3.699251E-0002  3.792716E-0001  3.278170E-0001  3.856248E-0001  2.664083E-0001  2.408634E-0001  3.620190E-0001  1.021637E-0001  5.731507E-0001  3.298944E-0001  1.019538E-0001  3.852986E-0001  0.000000E+0000  1.684369E-0001
  4.764609E-0002  5.167574E-0001  3.499799E-0002  3.710120E-0001 -1.653254E-0001  1.812100E-0001  4.304134E-0001  3.400498E-0001  1.910445E-0001  9.572984E-0002  1.462701E-0001  3.754438E-0001  4.863216E-0001  2.311334E-0001  1.157522E-0001  3.147113E-0001  4.179390E-0001  1.684369E-0001  0.000000E+0000

  0.000000E+0000 -2.701049E-0001 -1.501388E-0001 -2.375563E-0001 -1.942346E-0001 -2.868897E-0001 -2.902528E-0001 -3.318931E-0001 -2.324596E-0001 -2.592743E-0001 -1.335972E-0001 -3.074916E-0001 -3.619133E-0001 -2.836818E-0001 -2.407384E-0001 -2.908749E-0001 -3.538212E-0001 -2.744742E-0001 -1.100992E-0001
 -2.701049E-0001  0.000000E+0000 -1.633359E-0001 -2.296093E-0001 -1.586900E-0001 -2.469154E-0001 -2.577335E-0001 -3.683215E-0001 -4.107548E-0002 -8.526252E-0002 -9.587556E-0002 -2.474629E-0001 -2.491451E-0001 -3.359398E-0001 -2.411309E-0001 -2.727751E-0001 -2.627499E-0001 -1.524313E-0001  1.846197E-0001
 -1.501388E-0001 -1.633359E-0001  0.000000E+0000 -1.829459E-0001 -2.462625E-0001 -2.336886E-0001 -2.855420E-0001 -2.945841E-0001 -3.046421E-0001  2.433915E-0002 -2.250237E-0001 -3.477551E-0001 -3.735124E-0001 -3.479318E-0001 -2.097581E-0001 -2.697496E-0001 -4.304941E-0001 -2.828338E-0001 -3.000272E-0002
 -2.375563E-0001 -2.296093E-0001 -1.829459E-0001  0.000000E+0000 -2.546762E-0001 -4.013490E-0001 -2.281268E-0001 -3.096613E-0001  2.255485E-0002  3.415233E-0002 -7.323282E-0003 -1.716211E-0001 -3.074900E-0001 -1.919178E-0001 -1.609739E-0001 -2.790226E-0001 -3.123806E-0001 -2.425546E-0001 -2.464341E-0001
 -1.942346E-0001 -1.586900E-0001 -2.462625E-0001 -2.546762E-0001  0.000000E+0000 -1.410816E-0001  1.006587E-0001 -3.543442E-0001  1.096282E-0001 -1.694714E-0003 -1.342678E-0001  6.201190E-0002 -2.074098E-0001  1.523024E-0001  7.996062E-0002 -2.035040E-0001 -9.430961E-0002 -6.395120E-0002 -1.814159E-0001
 -2.868897E-0001 -2.469154E-0001 -2.336886E-0001 -4.013490E-0001 -1.410816E-0001  0.000000E+0000 -2.468848E-0001  3.279865E-0002  6.192260E-0002 -3.643708E-0002  1.106934E-0001 -3.483142E-0001  1.070433E-0001  2.136722E-0001  6.543984E-0002 -1.888174E-0001 -2.823143E-0001 -2.017008E-0001  1.354927E-0001
 -2.902528E-0001 -2.577335E-0001 -2.855420E-0001 -2.281268E-0001  1.006587E-0001 -2.468848E-0001  0.000000E+0000 -1.881647E-0001 -1.801592E-0001 -2.039324E-0001  9.891426E-0002 -2.575735E-0001 -1.642819E-0001 -2.293243E-0001 -2.847672E-0001 -2.917889E-0001 -2.635714E-0001 -1.201088E-0001  2.278033E-0001
 -3.318931E-0001 -3.683215E-0001 -2.945841E-0001 -3.096613E-0001 -3.543442E-0001  3.279865E-0002 -1.881647E-0001  0.000000E+0000 -2.402503E-0001  8.593260E-0002 -1.049794E-0001 -5.632151E-0002 -4.104425E-0001 -1.562890E-0001 -1.769247E-0002  1.073366E-0002 -4.203009E-0001  9.216477E-0002  1.194786E-0001
 -2.324596E-0001 -4.107548E-0002 -3.046421E-0001  2.255485E-0002  1.096282E-0001  6.192260E-0002 -1.801592E-0001 -2.402503E-0001  0.000000E+0000  2.279578E-0001  3.773274E-0002  5.519303E-0002 -1.672930E-0001  1.064065E-0001  1.830274E-0001  1.148793E-0001  1.176645E-0001  1.252737E-0001  1.056219E-0001
 -2.592743E-0001 -8.526252E-0002  2.433915E-0002  3.415233E-0002 -1.694714E-0003 -3.643708E-0002 -2.039324E-0001  8.593260E-0002  2.279578E-0001  0.000000E+0000  2.501012E-0001  1.105361E-0001  1.019648E-0001  2.760900E-0001  3.051406E-0001  3.084024E-0001  1.171960E-0001  1.185564E-0001  1.760847E-0001
 -1.335972E-0001 -9.587556E-0002 -2.250237E-0001 -7.323282E-0003 -1.342678E-0001  1.106934E-0001  9.891426E-0002 -1.049794E-0001  3.773274E-0002  2.501012E-0001  0.000000E+0000  7.517521E-0002 -1.545274E-0005 -8.435671E-0003  2.782297E-0001  6.794398E-0002 -5.804533E-0002  7.266099E-0002  1.603268E-0001
 -3.074916E-0001 -2.474629E-0001 -3.477551E-0001 -1.716211E-0001  6.201190E-0002 -3.483142E-0001 -2.575735E-0001 -5.632151E-0002  5.519303E-0002  1.105361E-0001  7.517521E-0002  0.000000E+0000 -1.756323E-0001  6.881779E-0002 -5.754069E-0002 -1.871969E-0001 -1.775729E-0001  1.495975E-0001  1.425952E-0001
 -3.619133E-0001 -2.491451E-0001 -3.735124E-0001 -3.074900E-0001 -2.074098E-0001  1.070433E-0001 -1.642819E-0001 -4.104425E-0001 -1.672930E-0001  1.019648E-0001 -1.545274E-0005 -1.756323E-0001  0.000000E+0000 -1.736357E-0001 -3.518987E-0002  1.257481E-0001  2.548744E-0002 -8.398355E-0002  2.491579E-0001
 -2.836818E-0001 -3.359398E-0001 -3.479318E-0001 -1.919178E-0001  1.523024E-0001  2.136722E-0001 -2.293243E-0001 -1.562890E-0001  1.064065E-0001  2.760900E-0001 -8.435671E-0003  6.881779E-0002 -1.736357E-0001  0.000000E+0000  2.240729E-0001  7.871280E-0002  1.433890E-0001  1.115928E-0001  5.742984E-0002
 -2.407384E-0001 -2.411309E-0001 -2.097581E-0001 -1.609739E-0001  7.996062E-0002  6.543984E-0002 -2.847672E-0001 -1.769247E-0002  1.830274E-0001  3.051406E-0001  2.782297E-0001 -5.754069E-0002 -3.518987E-0002  2.240729E-0001  0.000000E+0000  2.135520E-0001  6.457110E-0002  1.307500E-0001  2.186558E-0001
 -2.908749E-0001 -2.727751E-0001 -2.697496E-0001 -2.790226E-0001 -2.035040E-0001 -1.888174E-0001 -2.917889E-0001  1.073366E-0002  1.148793E-0001  3.084024E-0001  6.794398E-0002 -1.871969E-0001  1.257481E-0001  7.871280E-0002  2.135520E-0001  0.000000E+0000  5.134037E-0002  1.198427E-0001  1.654148E-0001
