6661999 = Ignore first line (new format code)
File name: C:\Datea\VP01R1-ROIlaggedCoh.txt
1 = Number of time frames in Time X Frequency decomposition
92 = Number of EEG files
19 = Number Electrodes
512 = Number of time frames in EEG files
512 = Number of time frames in EEG files power of 2
8 = Number of matrices
1 = Band type (1=Classical1; 2=Classical2; 3=DiscreteFreqs; 4=AllDiscreteFreqs; 5=UserDefinedBands)
 2.560000E+0002 = Sampling rate Hz
-1.000000E+0002 = Freq1 Hz
-1.000000E+0002 = Freq2 Hz
 5.000000E-0001 = Frequency resolution Hz

  0.000000E+0000  1.459194E-0002  1.303636E-0002  1.584714E-0002  2.244495E-0002  1.509811E-0002  2.293124E-0002  1.228055E-0002  1.431136E-0002  1.095849E-0002  1.281707E-0002  2.196392E-0002  9.776301E-0003  1.776615E-0002  1.418964E-0002  1.496806E-0002  1.242966E-0002  4.577741E-0003  7.216968E-0003
  1.459194E-0002  0.000000E+0000  1.139747E-0002  1.633858E-0002  2.417196E-0002  9.661666E-0003  2.826553E-0002  9.303814E-0003  2.314401E-0002  1.449797E-0002  1.812058E-0002  3.328170E-0002  1.159676E-0002  6.514346E-0003  8.309066E-0003  5.133009E-0003  1.359168E-0002  1.026516E-0002  5.242646E-0003
  1.303636E-0002  1.139747E-0002  0.000000E+0000  7.198999E-0003  4.962963E-0003  1.432795E-0002  1.008796E-0002  1.704190E-0002  1.366639E-0002  1.339593E-0002  1.335913E-0002  2.114903E-0002  9.955114E-0003  1.148655E-0002  8.942752E-0003  1.502845E-0002  1.725643E-0002  2.750481E-0003  8.771500E-0003
  1.584714E-0002  1.633858E-0002  7.198999E-0003  0.000000E+0000  5.810718E-0003  1.296729E-0002  2.768477E-0002  5.153919E-0003  9.759974E-0003  5.048067E-0003  1.189883E-0002  2.664630E-0002  8.053792E-0003  1.472435E-0002  6.737633E-0003  1.429908E-0002  1.872709E-0002  5.320693E-0003  1.009867E-0002
  2.244495E-0002  2.417196E-0002  4.962963E-0003  5.810718E-0003  0.000000E+0000  2.149625E-0002  1.716077E-0002  1.178784E-0002  6.307682E-0003  8.040946E-0003  1.344346E-0002  1.540705E-0002  9.001072E-0003  1.060984E-0002  1.121695E-0002  1.077877E-0002  5.734197E-0003  4.519219E-0003  8.866119E-0003
  1.509811E-0002  9.661666E-0003  1.432795E-0002  1.296729E-0002  2.149625E-0002  0.000000E+0000  9.546082E-0003  1.211210E-0002  1.954687E-0002  1.192318E-0002  3.116900E-0002  2.310253E-0002  7.854329E-0003  3.566744E-0003  8.703432E-0003  1.115529E-0002  7.506464E-0003  8.925939E-0003  8.078180E-0003
  2.293124E-0002  2.826553E-0002  1.008796E-0002  2.768477E-0002  1.716077E-0002  9.546082E-0003  0.000000E+0000  1.356142E-0002  1.940216E-0002  1.284021E-0002  6.270633E-0003  1.914089E-0002  1.432431E-0002  1.206143E-0002  9.375690E-0003  7.908644E-0003  5.898593E-0003  2.338931E-0002  9.336379E-0003
  1.228055E-0002  9.303814E-0003  1.704190E-0002  5.153919E-0003  1.178784E-0002  1.211210E-0002  1.356142E-0002  0.000000E+0000  4.479122E-0003  1.812163E-0002  2.307686E-0002  1.857474E-0002  1.466618E-0002  8.783667E-0003  1.413136E-0002  2.302906E-0002  2.599487E-0002  9.599227E-0003  5.782021E-0003
  1.431136E-0002  2.314401E-0002  1.366639E-0002  9.759974E-0003  6.307682E-0003  1.954687E-0002  1.940216E-0002  4.479122E-0003  0.000000E+0000  1.061959E-0002  6.863298E-0003  9.996185E-0003  2.239833E-0002  6.970318E-0003  9.093410E-0003  1.001418E-0002  1.457404E-0002  1.729615E-0002  8.135099E-0003
  1.095849E-0002  1.449797E-0002  1.339593E-0002  5.048067E-0003  8.040946E-0003  1.192318E-0002  1.284021E-0002  1.812163E-0002  1.061959E-0002  0.000000E+0000  7.999558E-0003  1.506206E-0002  1.224281E-0002  1.569062E-0002  6.770475E-0003  1.344301E-0002  2.001166E-0002  1.793515E-0002  7.608054E-0003
  1.281707E-0002  1.812058E-0002  1.335913E-0002  1.189883E-0002  1.344346E-0002  3.116900E-0002  6.270633E-0003  2.307686E-0002  6.863298E-0003  7.999558E-0003  0.000000E+0000  2.156110E-0002  1.060455E-0002  7.019917E-0003  7.980636E-0003  9.546908E-0003  1.573392E-0002  2.809504E-0003  1.150719E-0002
  2.196392E-0002  3.328170E-0002  2.114903E-0002  2.664630E-0002  1.540705E-0002  2.310253E-0002  1.914089E-0002  1.857474E-0002  9.996185E-0003  1.506206E-0002  2.156110E-0002  0.000000E+0000  1.773769E-0002  9.271409E-0003  6.891179E-0003  1.072542E-0002  1.485175E-0002  1.458795E-0002  1.179373E-0002
  9.776301E-0003  1.159676E-0002  9.955114E-0003  8.053792E-0003  9.001072E-0003  7.854329E-0003  1.432431E-0002  1.466618E-0002  2.239833E-0002  1.224281E-0002  1.060455E-0002  1.773769E-0002  0.000000E+0000  1.286786E-0002  1.835155E-0002  1.547756E-0002  1.556164E-0002  5.004952E-0003  6.307000E-0003
  1.776615E-0002  6.514346E-0003  1.148655E-0002  1.472435E-0002  1.060984E-0002  3.566744E-0003  1.206143E-0002  8.783667E-0003  6.970318E-0003  1.569062E-0002  7.019917E-0003  9.271409E-0003  1.286786E-0002  0.000000E+0000  1.030487E-0002  9.785855E-0003  1.489438E-0002  1.156834E-0002  8.075061E-0003
  1.418964E-0002  8.309066E-0003  8.942752E-0003  6.737633E-0003  1.121695E-0002  8.703432E-0003  9.375690E-0003  1.413136E-0002  9.093410E-0003  6.770475E-0003  7.980636E-0003  6.891179E-0003  1.835155E-0002  1.030487E-0002  0.000000E+0000  1.158932E-0002  8.970257E-0003  1.479068E-0002  7.264977E-0003
  1.496806E-0002  5.133009E-0003  1.502845E-0002  1.429908E-0002  1.077877E-0002  1.115529E-0002  7.908644E-0003  2.302906E-0002  1.001418E-0002  1.344301E-0002  9.546908E-0003  1.072542E-0002  1.547756E-0002  9.785855E-0003  1.158932E-0002  0.000000E+0000  1.171456E-0002  7.207165E-0003  1.003613E-0002
  1.242966E-0002  1.359168E-0002  1.725643E-0002  1.872709E-0002  5.734197E-0003  7.506464E-0003  5.898593E-0003  2.599487E-0002  1.457404E-0002  2.001166E-0002  1.573392E-0002  1.485175E-0002  1.556164E-0002  1.489438E-0002  8.970257E-0003  1.171456E-0002  0.000000E+0000  7.392780E-0003  1.203437E-0002
  4.577741E-0003  1.026516E-0002  2.750481E-0003  5.320693E-0003  4.519219E-0003  8.925939E-0003  2.338931E-0002  9.599227E-0003  1.729615E-0002  1.793515E-0002  2.809504E-0003  1.458795E-0002  5.004952E-0003  1.156834E-0002  1.479068E-0002  7.207165E-0003  7.392780E-0003  0.000000E+0000  5.039112E-0003
  7.216968E-0003  5.242646E-0003  8.771500E-0003  1.009867E-0002  8.866119E-0003  8.078180E-0003  9.336379E-0003  5.782021E-0003  8.135099E-0003  7.608054E-0003  1.150719E-0002  1.179373E-0002  6.307000E-0003  8.075061E-0003  7.264977E-0003  1.003613E-0002  1.203437E-0002  5.039112E-0003  0.000000E+0000

  0.000000E+0000  2.545770E-0002  3.914867E-0002  1.211869E-0002  2.286810E-0002  3.559462E-0002  1.283173E-0002  9.356263E-0003  3.992423E-0002  5.154738E-0002  1.644164E-0002  2.213585E-0002  2.456763E-0002  5.778489E-0002  6.452097E-0002  3.784773E-0002  1.974677E-0002  2.008628E-0002  1.943361E-0002
  2.545770E-0002  0.000000E+0000  2.438924E-0002  2.374832E-0002  2.027402E-0002  5.016382E-0002  1.954000E-0002  1.320763E-0002  2.796329E-0002  2.623345E-0002  2.113671E-0002  2.732962E-0002  1.523004E-0002  3.101425E-0002  2.985888E-0002  2.660097E-0002  2.250639E-0002  1.783940E-0002  3.062900E-0002
  3.914867E-0002  2.438924E-0002  0.000000E+0000  1.163220E-0002  1.611805E-0002  4.081719E-0002  1.617716E-0002  1.844984E-0002  2.843337E-0002  4.123555E-0002  1.475008E-0002  1.536966E-0002  2.884462E-0002  4.315010E-0002  5.120339E-0002  3.251038E-0002  1.741708E-0002  3.893097E-0002  4.472572E-0002
  1.211869E-0002  2.374832E-0002  1.163220E-0002  0.000000E+0000  2.324416E-0002  4.401111E-0002  1.423486E-0002  1.139685E-0002  3.971624E-0002  4.528286E-0002  1.595684E-0002  2.756683E-0002  2.876557E-0002  2.810908E-0002  4.308921E-0002  2.351891E-0002  3.898602E-0002  3.875084E-0002  1.766520E-0002
  2.286810E-0002  2.027402E-0002  1.611805E-0002  2.324416E-0002  0.000000E+0000  1.955847E-0002  1.568686E-0002  2.749669E-0002  2.885615E-0002  3.640077E-0002  1.391362E-0002  1.448093E-0002  1.111140E-0002  1.781928E-0002  1.875054E-0002  1.938553E-0002  4.062293E-0002  2.431500E-0002  2.067920E-0002
  3.559462E-0002  5.016382E-0002  4.081719E-0002  4.401111E-0002  1.955847E-0002  0.000000E+0000  1.300794E-0002  1.964545E-0002  2.180590E-0002  3.838953E-0002  1.543549E-0002  2.181091E-0002  9.848386E-0003  2.428636E-0002  1.880917E-0002  2.541435E-0002  4.250429E-0002  3.237758E-0002  5.439660E-0002
  1.283173E-0002  1.954000E-0002  1.617716E-0002  1.423486E-0002  1.568686E-0002  1.300794E-0002  0.000000E+0000  2.432989E-0002  2.466518E-0002  1.927248E-0002  2.326011E-0002  2.804750E-0002  1.390048E-0002  2.094217E-0002  1.687594E-0002  1.979217E-0002  4.656425E-0002  2.379400E-0002  3.325583E-0002
  9.356263E-0003  1.320763E-0002  1.844984E-0002  1.139685E-0002  2.749669E-0002  1.964545E-0002  2.432989E-0002  0.000000E+0000  1.914674E-0002  1.279575E-0002  1.747771E-0002  7.741520E-0003  1.469155E-0002  2.765406E-0002  2.180217E-0002  1.575726E-0002  1.554583E-0002  1.822404E-0002  2.695456E-0002
  3.992423E-0002  2.796329E-0002  2.843337E-0002  3.971624E-0002  2.885615E-0002  2.180590E-0002  2.466518E-0002  1.914674E-0002  0.000000E+0000  1.768102E-0002  1.986627E-0002  2.185231E-0002  2.622438E-0002  1.593395E-0002  2.165045E-0002  2.806163E-0002  2.469560E-0002  2.620999E-0002  2.020435E-0002
  5.154738E-0002  2.623345E-0002  4.123555E-0002  4.528286E-0002  3.640077E-0002  3.838953E-0002  1.927248E-0002  1.279575E-0002  1.768102E-0002  0.000000E+0000  2.259235E-0002  1.584344E-0002  2.237613E-0002  2.013789E-0002  3.805669E-0002  3.745723E-0002  2.212128E-0002  1.390997E-0002  3.159733E-0002
  1.644164E-0002  2.113671E-0002  1.475008E-0002  1.595684E-0002  1.391362E-0002  1.543549E-0002  2.326011E-0002  1.747771E-0002  1.986627E-0002  2.259235E-0002  0.000000E+0000  2.381314E-0002  2.408913E-0002  2.676959E-0002  2.135160E-0002  3.775987E-0002  4.534318E-0002  1.131568E-0002  2.738649E-0002
  2.213585E-0002  2.732962E-0002  1.536966E-0002  2.756683E-0002  1.448093E-0002  2.181091E-0002  2.804750E-0002  7.741520E-0003  2.185231E-0002  1.584344E-0002  2.381314E-0002  0.000000E+0000  2.241325E-0002  2.265899E-0002  1.187560E-0002  2.102375E-0002  1.938103E-0002  9.967152E-0003  2.266016E-0002
  2.456763E-0002  1.523004E-0002  2.884462E-0002  2.876557E-0002  1.111140E-0002  9.848386E-0003  1.390048E-0002  1.469155E-0002  2.622438E-0002  2.237613E-0002  2.408913E-0002  2.241325E-0002  0.000000E+0000  2.158093E-0002  3.198196E-0002  1.740479E-0002  2.005075E-0002  3.202027E-0002  5.258389E-0002
  5.778489E-0002  3.101425E-0002  4.315010E-0002  2.810908E-0002  1.781928E-0002  2.428636E-0002  2.094217E-0002  2.765406E-0002  1.593395E-0002  2.013789E-0002  2.676959E-0002  2.265899E-0002  2.158093E-0002  0.000000E+0000  3.369156E-0002  3.678390E-0002  3.169562E-0002  3.855218E-0002  3.133131E-0002
  6.452097E-0002  2.985888E-0002  5.120339E-0002  4.308921E-0002  1.875054E-0002  1.880917E-0002  1.687594E-0002  2.180217E-0002  2.165045E-0002  3.805669E-0002  2.135160E-0002  1.187560E-0002  3.198196E-0002  3.369156E-0002  0.000000E+0000  4.943366E-0002  9.475708E-0003  2.506030E-0002  2.647457E-0002
  3.784773E-0002  2.660097E-0002  3.251038E-0002  2.351891E-0002  1.938553E-0002  2.541435E-0002  1.979217E-0002  1.575726E-0002  2.806163E-0002  3.745723E-0002  3.775987E-0002  2.102375E-0002  1.740479E-0002  3.678390E-0002  4.943366E-0002  0.000000E+0000  1.204874E-0002  1.394606E-0002  1.458202E-0002
  1.974677E-0002  2.250639E-0002  1.741708E-0002  3.898602E-0002  4.062293E-0002  4.250429E-0002  4.656425E-0002  1.554583E-0002  2.469560E-0002  2.212128E-0002  4.534318E-0002  1.938103E-0002  2.005075E-0002  3.169562E-0002  9.475708E-0003  1.204874E-0002  0.000000E+0000  2.354539E-0002  1.698085E-0002
  2.008628E-0002  1.783940E-0002  3.893097E-0002  3.875084E-0002  2.431500E-0002  3.237758E-0002  2.379400E-0002  1.822404E-0002  2.620999E-0002  1.390997E-0002  1.131568E-0002  9.967152E-0003  3.202027E-0002  3.855218E-0002  2.506030E-0002  1.394606E-0002  2.354539E-0002  0.000000E+0000  1.605665E-0002
  1.943361E-0002  3.062900E-0002  4.472572E-0002  1.766520E-0002  2.067920E-0002  5.439660E-0002  3.325583E-0002  2.695456E-0002  2.020435E-0002  3.159733E-0002  2.738649E-0002  2.266016E-0002  5.258389E-0002  3.133131E-0002  2.647457E-0002  1.458202E-0002  1.698085E-0002  1.605665E-0002  0.000000E+0000

  0.000000E+0000  4.396635E-0002  2.403515E-0002  5.850571E-0002  6.593815E-0002  7.606681E-0002  6.807928E-0002  9.760536E-0002  7.542680E-0002  6.661405E-0002  3.943310E-0002  6.702276E-0002  1.159904E-0001  9.332393E-0002  1.013530E-0001  5.232977E-0002  7.825582E-0002  1.123165E-0001  3.144502E-0002
  4.396635E-0002  0.000000E+0000  2.676042E-0002  1.913464E-0002  2.435801E-0002  6.975328E-0002  6.418645E-0002  3.711724E-0002  2.811542E-0002  2.377851E-0002  2.030121E-0002  4.291188E-0002  1.759723E-0002  1.253534E-0002  3.267787E-0002  6.188417E-0003  3.096187E-0002  2.292183E-0002  3.208510E-0002
  2.403515E-0002  2.676042E-0002  0.000000E+0000  1.968247E-0002  4.274726E-0002  7.884776E-0002  1.181048E-0002  2.864981E-0002  4.945383E-0002  1.948349E-0002  1.090597E-0001  6.544748E-0002  5.689017E-0002  4.541362E-0002  4.508008E-0002  5.715144E-0002  4.263414E-0002  3.521755E-0002  2.330258E-0002
  5.850571E-0002  1.913464E-0002  1.968247E-0002  0.000000E+0000  2.927652E-0002  4.870442E-0002  1.619235E-0002  3.523431E-0002  3.387757E-0002  3.049775E-0002  4.380142E-0002  5.923989E-0002  2.807542E-0002  1.852344E-0002  2.879512E-0002  1.566510E-0002  2.529629E-0002  2.794843E-0002  6.720483E-0002
  6.593815E-0002  2.435801E-0002  4.274726E-0002  2.927652E-0002  0.000000E+0000  1.342728E-0001  6.648218E-0003  2.714884E-0002  2.384503E-0002  5.473343E-0002  3.352658E-0002  7.214443E-0003  4.054193E-0002  4.504240E-0002  4.623151E-0002  3.608380E-0002  5.971558E-0002  2.065869E-0002  5.697256E-0002
  7.606681E-0002  6.975328E-0002  7.884776E-0002  4.870442E-0002  1.342728E-0001  0.000000E+0000  6.123724E-0002  1.768348E-0001  4.146148E-0002  5.451237E-0002  9.999995E-0007  1.492211E-0001  9.210530E-0002  8.583272E-0002  5.818804E-0002  6.093929E-0002  9.005681E-0002  1.468358E-0001  1.607004E-0001
  6.807928E-0002  6.418645E-0002  1.181048E-0002  1.619235E-0002  6.648218E-0003  6.123724E-0002  0.000000E+0000  2.151270E-0002  2.519360E-0002  1.975398E-0002  3.806254E-0002  1.170308E-0001  3.904214E-0002  5.531802E-0002  3.675049E-0002  1.866038E-0002  8.936915E-0002  3.987975E-0002  5.963793E-0002
  9.760536E-0002  3.711724E-0002  2.864981E-0002  3.523431E-0002  2.714884E-0002  1.768348E-0001  2.151270E-0002  0.000000E+0000  1.069191E-0001  4.471027E-0002  2.405270E-0001  6.556116E-0002  9.891701E-0002  1.579220E-0001  6.845269E-0002  1.190843E-0001  2.118847E-0001  5.471061E-0002  1.416058E-0001
  7.542680E-0002  2.811542E-0002  4.945383E-0002  3.387757E-0002  2.384503E-0002  4.146148E-0002  2.519360E-0002  1.069191E-0001  0.000000E+0000  9.805254E-0002  9.999995E-0007  1.814155E-0001  1.019869E-0001  2.110617E-0001  9.732713E-0002  7.884841E-0002  3.574004E-0002  6.248476E-0002  1.701608E-0001
  6.661405E-0002  2.377851E-0002  1.948349E-0002  3.049775E-0002  5.473343E-0002  5.451237E-0002  1.975398E-0002  4.471027E-0002  9.805254E-0002  0.000000E+0000  2.058499E-0001  1.799555E-0001  3.259037E-0002  7.941289E-0002  6.986661E-0002  9.224199E-0002  7.306466E-0002  2.484573E-0002  1.316350E-0001
  3.943310E-0002  2.030121E-0002  1.090597E-0001  4.380142E-0002  3.352658E-0002  9.999995E-0007  3.806254E-0002  2.405270E-0001  9.999995E-0007  2.058499E-0001  0.000000E+0000  4.620275E-0002  1.383526E-0001  1.905587E-0001  1.299906E-0001  6.557720E-0002  2.442944E-0001  1.652198E-0001  1.135802E-0001
  6.702276E-0002  4.291188E-0002  6.544748E-0002  5.923989E-0002  7.214443E-0003  1.492211E-0001  1.170308E-0001  6.556116E-0002  1.814155E-0001  1.799555E-0001  4.620275E-0002  0.000000E+0000  2.787178E-0001  3.459282E-0001  3.001116E-0001  9.999995E-0007  8.083361E-0002  1.250892E-0001  2.123124E-0001
  1.159904E-0001  1.759723E-0002  5.689017E-0002  2.807542E-0002  4.054193E-0002  9.210530E-0002  3.904214E-0002  9.891701E-0002  1.019869E-0001  3.259037E-0002  1.383526E-0001  2.787178E-0001  0.000000E+0000  5.289573E-0002  3.421393E-0002  9.520348E-0002  9.541842E-0002  1.300072E-0001  2.599238E-0001
  9.332393E-0002  1.253534E-0002  4.541362E-0002  1.852344E-0002  4.504240E-0002  8.583272E-0002  5.531802E-0002  1.579220E-0001  2.110617E-0001  7.941289E-0002  1.905587E-0001  3.459282E-0001  5.289573E-0002  0.000000E+0000  1.903776E-0002  9.957395E-0002  1.433509E-0001  8.642101E-0002  2.059648E-0001
  1.013530E-0001  3.267787E-0002  4.508008E-0002  2.879512E-0002  4.623151E-0002  5.818804E-0002  3.675049E-0002  6.845269E-0002  9.732713E-0002  6.986661E-0002  1.299906E-0001  3.001116E-0001  3.421393E-0002  1.903776E-0002  0.000000E+0000  1.010497E-0001  1.116415E-0001  4.890183E-0002  2.055367E-0001
  5.232977E-0002  6.188417E-0003  5.715144E-0002  1.566510E-0002  3.608380E-0002  6.093929E-0002  1.866038E-0002  1.190843E-0001  7.884841E-0002  9.224199E-0002  6.557720E-0002  9.999995E-0007  9.520348E-0002  9.957395E-0002  1.010497E-0001  0.000000E+0000  9.889317E-0002  7.581289E-0002  2.722465E-0001
  7.825582E-0002  3.096187E-0002  4.263414E-0002  2.529629E-0002  5.971558E-0002  9.005681E-0002  8.936915E-0002  2.118847E-0001  3.574004E-0002  7.306466E-0002  2.442944E-0001  8.083361E-0002  9.541842E-0002  1.433509E-0001  1.116415E-0001  9.889317E-0002  0.000000E+0000  1.647709E-0001  3.129649E-0001
  1.123165E-0001  2.292183E-0002  3.521755E-0002  2.794843E-0002  2.065869E-0002  1.468358E-0001  3.987975E-0002  5.471061E-0002  6.248476E-0002  2.484573E-0002  1.652198E-0001  1.250892E-0001  1.300072E-0001  8.642101E-0002  4.890183E-0002  7.581289E-0002  1.647709E-0001  0.000000E+0000  2.812882E-0001
  3.144502E-0002  3.208510E-0002  2.330258E-0002  6.720483E-0002  5.697256E-0002  1.607004E-0001  5.963793E-0002  1.416058E-0001  1.701608E-0001  1.316350E-0001  1.135802E-0001  2.123124E-0001  2.599238E-0001  2.059648E-0001  2.055367E-0001  2.722465E-0001  3.129649E-0001  2.812882E-0001  0.000000E+0000

  0.000000E+0000  2.090047E-0002  1.805778E-0002  2.751205E-0002  6.357896E-0002  2.895384E-0002  2.255996E-0002  2.787913E-0002  3.158945E-0002  4.275507E-0002  2.072532E-0002  3.023163E-0002  2.811302E-0002  3.798462E-0002  4.366700E-0002  2.076806E-0002  5.055663E-0002  2.321042E-0002  2.719296E-0002
  2.090047E-0002  0.000000E+0000  2.478912E-0002  3.286584E-0002  4.172876E-0002  5.512104E-0002  1.617182E-0002  5.732701E-0002  3.449922E-0002  1.033159E-0002  4.465322E-0002  2.826078E-0002  3.483526E-0002  3.230228E-0002  3.744310E-0002  5.572606E-0002  4.181538E-0002  3.362683E-0002  4.663494E-0002
  1.805778E-0002  2.478912E-0002  0.000000E+0000  3.134430E-0002  9.937968E-0002  2.500719E-0002  2.568906E-0002  4.414526E-0002  2.639617E-0002  4.339876E-0002  2.066800E-0002  2.905102E-0002  2.357304E-0002  4.439543E-0003  1.791742E-0002  6.204765E-0002  3.922980E-0002  1.475237E-0002  7.199339E-0003
  2.751205E-0002  3.286584E-0002  3.134430E-0002  0.000000E+0000  4.184099E-0002  1.602357E-0002  9.628787E-0003  4.344720E-0002  5.627544E-0002  5.673523E-0002  2.823762E-0002  1.720512E-0002  1.004209E-0002  4.069730E-0002  2.729199E-0002  3.479646E-0002  7.758480E-0002  1.733890E-0002  3.044533E-0002
  6.357896E-0002  4.172876E-0002  9.937968E-0002  4.184099E-0002  0.000000E+0000  6.513437E-0002  2.081620E-0002  6.375609E-0002  8.933189E-0002  9.740207E-0002  8.555896E-0002  2.985867E-0002  9.351019E-0002  1.460340E-0001  9.927626E-0002  8.551157E-0002  2.686257E-0002  6.127878E-0002  4.556409E-0002
  2.895384E-0002  5.512104E-0002  2.500719E-0002  1.602357E-0002  6.513437E-0002  0.000000E+0000  2.255390E-0002  6.193843E-0002  3.052549E-0002  6.628872E-0002  5.845543E-0002  3.975578E-0002  2.929087E-0002  2.652905E-0002  3.285385E-0002  5.984877E-0002  1.157760E-0001  6.081771E-0002  3.128853E-0002
  2.255996E-0002  1.617182E-0002  2.568906E-0002  9.628787E-0003  2.081620E-0002  2.255390E-0002  0.000000E+0000  2.287204E-0002  1.916685E-0002  6.822319E-0002  1.553196E-0002  1.364374E-0002  2.563531E-0002  2.094214E-0002  3.387769E-0002  2.503125E-0002  4.712998E-0002  2.843384E-0002  3.910142E-0002
  2.787913E-0002  5.732701E-0002  4.414526E-0002  4.344720E-0002  6.375609E-0002  6.193843E-0002  2.287204E-0002  0.000000E+0000  5.527179E-0002  1.379802E-0001  4.996882E-0002  5.062178E-0002  5.567719E-0002  1.153065E-0001  6.419057E-0002  7.094695E-0002  8.237716E-0002  6.070732E-0002  3.012570E-0002
  3.158945E-0002  3.449922E-0002  2.639617E-0002  5.627544E-0002  8.933189E-0002  3.052549E-0002  1.916685E-0002  5.527179E-0002  0.000000E+0000  9.691834E-0002  7.223555E-0002  3.164056E-0002  4.879927E-0003  5.684002E-0002  4.214181E-0002  1.382720E-0001  1.159050E-0001  5.480548E-0002  7.911335E-0002
  4.275507E-0002  1.033159E-0002  4.339876E-0002  5.673523E-0002  9.740207E-0002  6.628872E-0002  6.822319E-0002  1.379802E-0001  9.691834E-0002  0.000000E+0000  2.650732E-0001  2.182741E-0001  1.375535E-0001  1.932464E-0001  2.205394E-0001  1.487723E-0001  1.339373E-0001  1.540506E-0001  1.187647E-0001
  2.072532E-0002  4.465322E-0002  2.066800E-0002  2.823762E-0002  8.555896E-0002  5.845543E-0002  1.553196E-0002  4.996882E-0002  7.223555E-0002  2.650732E-0001  0.000000E+0000  6.331768E-0002  7.735357E-0002  1.181374E-0001  1.340516E-0001  1.690811E-0001  2.311874E-0001  6.746361E-0002  9.787027E-0002
  3.023163E-0002  2.826078E-0002  2.905102E-0002  1.720512E-0002  2.985867E-0002  3.975578E-0002  1.364374E-0002  5.062178E-0002  3.164056E-0002  2.182741E-0001  6.331768E-0002  0.000000E+0000  7.246954E-0002  6.234371E-0002  7.179349E-0002  1.317921E-0001  1.119453E-0001  1.571819E-0002  2.910512E-0002
  2.811302E-0002  3.483526E-0002  2.357304E-0002  1.004209E-0002  9.351019E-0002  2.929087E-0002  2.563531E-0002  5.567719E-0002  4.879927E-0003  1.375535E-0001  7.735357E-0002  7.246954E-0002  0.000000E+0000  3.122928E-0002  2.716026E-0002  9.224804E-0002  1.709365E-0001  4.783092E-0002  6.932868E-0002
  3.798462E-0002  3.230228E-0002  4.439543E-0003  4.069730E-0002  1.460340E-0001  2.652905E-0002  2.094214E-0002  1.153065E-0001  5.684002E-0002  1.932464E-0001  1.181374E-0001  6.234371E-0002  3.122928E-0002  0.000000E+0000  9.999995E-0007  2.106563E-0001  1.437931E-0001  4.915305E-0002  5.793000E-0002
  4.366700E-0002  3.744310E-0002  1.791742E-0002  2.729199E-0002  9.927626E-0002  3.285385E-0002  3.387769E-0002  6.419057E-0002  4.214181E-0002  2.205394E-0001  1.340516E-0001  7.179349E-0002  2.716026E-0002  9.999995E-0007  0.000000E+0000  1.550653E-0001  1.233981E-0001  1.593395E-0002  3.665552E-0002
  2.076806E-0002  5.572606E-0002  6.204765E-0002  3.479646E-0002  8.551157E-0002  5.984877E-0002  2.503125E-0002  7.094695E-0002  1.382720E-0001  1.487723E-0001  1.690811E-0001  1.317921E-0001  9.224804E-0002  2.106563E-0001  1.550653E-0001  0.000000E+0000  3.102987E-0001  8.541480E-0002  1.648452E-0001
  5.055663E-0002  4.181538E-0002  3.922980E-0002  7.758480E-0002  2.686257E-0002  1.157760E-0001  4.712998E-0002  8.237716E-0002  1.159050E-0001  1.339373E-0001  2.311874E-0001  1.119453E-0001  1.709365E-0001  1.437931E-0001  1.233981E-0001  3.102987E-0001  0.000000E+0000  1.010388E-0001  1.459311E-0001
  2.321042E-0002  3.362683E-0002  1.475237E-0002  1.733890E-0002  6.127878E-0002  6.081771E-0002  2.843384E-0002  6.070732E-0002  5.480548E-0002  1.540506E-0001  6.746361E-0002  1.571819E-0002  4.783092E-0002  4.915305E-0002  1.593395E-0002  8.541480E-0002  1.010388E-0001  0.000000E+0000  3.338763E-0002
  2.719296E-0002  4.663494E-0002  7.199339E-0003  3.044533E-0002  4.556409E-0002  3.128853E-0002  3.910142E-0002  3.012570E-0002  7.911335E-0002  1.187647E-0001  9.787027E-0002  2.910512E-0002  6.932868E-0002  5.793000E-0002  3.665552E-0002  1.648452E-0001  1.459311E-0001  3.338763E-0002  0.000000E+0000

  0.000000E+0000  7.217461E-0003  6.718377E-0003  6.828254E-0003  1.044567E-0002  1.504762E-0002  4.739402E-0003  4.042123E-0003  6.706166E-0003  3.898126E-0003  7.830452E-0003  5.957356E-0003  1.284509E-0002  1.285331E-0002  8.524932E-0003  1.680222E-0002  1.739205E-0002  1.309323E-0002  8.413163E-0003
  7.217461E-0003  0.000000E+0000  3.908249E-0003  7.994828E-0003  4.397708E-0003  4.356167E-0003  1.716212E-0002  5.865767E-0003  7.375576E-0003  7.329374E-0003  8.352540E-0003  1.271623E-0002  4.233627E-0003  6.279720E-0003  8.855258E-0003  9.826176E-0003  1.006069E-0002  4.912779E-0003  5.633406E-0003
  6.718377E-0003  3.908249E-0003  0.000000E+0000  8.873318E-0003  1.163209E-0002  1.092039E-0002  5.383640E-0003  1.087526E-0002  1.495734E-0002  1.207774E-0002  8.562214E-0003  5.296185E-0003  1.295482E-0002  7.268602E-0003  5.787651E-0003  9.279005E-0003  1.075671E-0002  1.108063E-0002  5.393700E-0003
  6.828254E-0003  7.994828E-0003  8.873318E-0003  0.000000E+0000  1.330293E-0002  6.835772E-0003  1.006672E-0002  4.282962E-0003  1.334116E-0002  1.039913E-0002  9.585280E-0003  1.112028E-0002  5.935804E-0003  8.937089E-0003  1.099947E-0002  2.051497E-0002  1.660207E-0002  9.086205E-0003  6.046759E-0003
  1.044567E-0002  4.397708E-0003  1.163209E-0002  1.330293E-0002  0.000000E+0000  3.107716E-0003  1.159497E-0002  1.455356E-0002  4.971725E-0003  6.638863E-0003  1.391279E-0002  6.703768E-0003  6.443572E-0003  5.534987E-0003  9.694353E-0003  2.575489E-0002  9.346167E-0003  5.773910E-0003  2.682918E-0003
  1.504762E-0002  4.356167E-0003  1.092039E-0002  6.835772E-0003  3.107716E-0003  0.000000E+0000  8.434230E-0003  1.479129E-0002  5.457712E-0003  1.005637E-0002  1.335274E-0002  1.026835E-0002  3.058753E-0003  4.166363E-0003  4.275395E-0003  7.627869E-0003  1.201959E-0002  3.047344E-0003  3.187171E-0003
  4.739402E-0003  1.716212E-0002  5.383640E-0003  1.006672E-0002  1.159497E-0002  8.434230E-0003  0.000000E+0000  9.380148E-0003  1.118279E-0002  1.005172E-0002  5.418172E-0003  8.660741E-0003  9.055063E-0003  1.052987E-0002  1.085203E-0002  1.087847E-0002  9.363349E-0003  5.805429E-0003  3.885042E-0003
  4.042123E-0003  5.865767E-0003  1.087526E-0002  4.282962E-0003  1.455356E-0002  1.479129E-0002  9.380148E-0003  0.000000E+0000  1.803984E-0002  2.182546E-0002  1.133569E-0002  1.172431E-0002  2.272703E-0002  1.638015E-0002  1.496102E-0002  9.926640E-0003  8.808466E-0003  1.836050E-0002  1.167625E-0002
  6.706166E-0003  7.375576E-0003  1.495734E-0002  1.334116E-0002  4.971725E-0003  5.457712E-0003  1.118279E-0002  1.803984E-0002  0.000000E+0000  1.097854E-0002  1.078422E-0002  9.307785E-0003  1.546013E-0002  1.801985E-0002  9.533447E-0003  2.585215E-0002  2.402125E-0002  7.323259E-0003  2.930267E-0002
  3.898126E-0003  7.329374E-0003  1.207774E-0002  1.039913E-0002  6.638863E-0003  1.005637E-0002  1.005172E-0002  2.182546E-0002  1.097854E-0002  0.000000E+0000  1.527973E-0002  8.216415E-0003  1.287822E-0002  1.709580E-0002  2.861994E-0002  1.775104E-0002  2.311199E-0002  4.199899E-0003  1.016366E-0002
  7.830452E-0003  8.352540E-0003  8.562214E-0003  9.585280E-0003  1.391279E-0002  1.335274E-0002  5.418172E-0003  1.133569E-0002  1.078422E-0002  1.527973E-0002  0.000000E+0000  5.371161E-0003  4.693189E-0003  1.157730E-0002  1.648679E-0002  2.506983E-0002  2.087024E-0002  1.334998E-0002  2.045497E-0002
  5.957356E-0003  1.271623E-0002  5.296185E-0003  1.112028E-0002  6.703768E-0003  1.026835E-0002  8.660741E-0003  1.172431E-0002  9.307785E-0003  8.216415E-0003  5.371161E-0003  0.000000E+0000  5.875662E-0003  6.673736E-0003  8.822040E-0003  1.416564E-0002  3.479861E-0002  7.145976E-0003  1.161241E-0002
  1.284509E-0002  4.233627E-0003  1.295482E-0002  5.935804E-0003  6.443572E-0003  3.058753E-0003  9.055063E-0003  2.272703E-0002  1.546013E-0002  1.287822E-0002  4.693189E-0003  5.875662E-0003  0.000000E+0000  2.500126E-0002  4.757021E-0003  1.489708E-0002  2.126655E-0002  8.593851E-0003  1.812994E-0002
  1.285331E-0002  6.279720E-0003  7.268602E-0003  8.937089E-0003  5.534987E-0003  4.166363E-0003  1.052987E-0002  1.638015E-0002  1.801985E-0002  1.709580E-0002  1.157730E-0002  6.673736E-0003  2.500126E-0002  0.000000E+0000  2.751321E-0002  2.578642E-0002  2.922714E-0002  1.110445E-0002  1.940160E-0002
  8.524932E-0003  8.855258E-0003  5.787651E-0003  1.099947E-0002  9.694353E-0003  4.275395E-0003  1.085203E-0002  1.496102E-0002  9.533447E-0003  2.861994E-0002  1.648679E-0002  8.822040E-0003  4.757021E-0003  2.751321E-0002  0.000000E+0000  2.537382E-0002  1.992534E-0002  8.168531E-0003  3.080963E-0002
  1.680222E-0002  9.826176E-0003  9.279005E-0003  2.051497E-0002  2.575489E-0002  7.627869E-0003  1.087847E-0002  9.926640E-0003  2.585215E-0002  1.775104E-0002  2.506983E-0002  1.416564E-0002  1.489708E-0002  2.578642E-0002  2.537382E-0002  0.000000E+0000  1.984501E-0002  1.657238E-0002  2.191965E-0002
  1.739205E-0002  1.006069E-0002  1.075671E-0002  1.660207E-0002  9.346167E-0003  1.201959E-0002  9.363349E-0003  8.808466E-0003  2.402125E-0002  2.311199E-0002  2.087024E-0002  3.479861E-0002  2.126655E-0002  2.922714E-0002  1.992534E-0002  1.984501E-0002  0.000000E+0000  1.068381E-0002  1.841210E-0002
  1.309323E-0002  4.912779E-0003  1.108063E-0002  9.086205E-0003  5.773910E-0003  3.047344E-0003  5.805429E-0003  1.836050E-0002  7.323259E-0003  4.199899E-0003  1.334998E-0002  7.145976E-0003  8.593851E-0003  1.110445E-0002  8.168531E-0003  1.657238E-0002  1.068381E-0002  0.000000E+0000  2.216884E-0002
  8.413163E-0003  5.633406E-0003  5.393700E-0003  6.046759E-0003  2.682918E-0003  3.187171E-0003  3.885042E-0003  1.167625E-0002  2.930267E-0002  1.016366E-0002  2.045497E-0002  1.161241E-0002  1.812994E-0002  1.940160E-0002  3.080963E-0002  2.191965E-0002  1.841210E-0002  2.216884E-0002  0.000000E+0000

  0.000000E+0000  2.612571E-0002  2.550742E-0002  2.948572E-0002  2.428357E-0002  1.674610E-0002  2.165144E-0002  2.358055E-0002  3.192252E-0002  6.993150E-0003  3.629142E-0002  4.640958E-0002  2.832869E-0002  2.736198E-0002  2.894107E-0002  1.871568E-0002  2.939837E-0002  5.484764E-0002  2.314105E-0002
  2.612571E-0002  0.000000E+0000  1.123117E-0002  9.280385E-0003  1.252643E-0002  2.669325E-0002  4.114605E-0002  1.747739E-0002  2.616038E-0002  1.097882E-0002  2.774548E-0002  2.755103E-0002  1.595764E-0002  2.297976E-0002  2.880326E-0002  9.614114E-0003  1.788384E-0002  2.913433E-0002  7.984794E-0003
  2.550742E-0002  1.123117E-0002  0.000000E+0000  2.850054E-0002  9.611550E-0003  2.306069E-0002  1.466703E-0002  1.336691E-0002  1.271462E-0002  1.793012E-0002  2.668559E-0002  1.404598E-0002  1.388458E-0002  1.920510E-0002  6.973218E-0003  2.675335E-0002  1.704754E-0002  2.757199E-0002  1.618218E-0002
  2.948572E-0002  9.280385E-0003  2.850054E-0002  0.000000E+0000  3.211351E-0002  1.602776E-0002  2.144213E-0002  6.772281E-0003  2.560215E-0002  1.347359E-0002  4.244492E-0002  3.001048E-0002  2.340346E-0002  2.650721E-0002  2.310244E-0002  1.821977E-0002  2.601220E-0002  3.086685E-0002  5.788095E-0003
  2.428357E-0002  1.252643E-0002  9.611550E-0003  3.211351E-0002  0.000000E+0000  2.104064E-0002  1.128681E-0002  5.506454E-0003  7.681680E-0003  1.679398E-0002  3.064462E-0002  1.344840E-0002  6.937113E-0003  2.437687E-0002  2.151324E-0002  1.892070E-0002  1.282789E-0002  1.062126E-0002  1.339942E-0002
  1.674610E-0002  2.669325E-0002  2.306069E-0002  1.602776E-0002  2.104064E-0002  0.000000E+0000  1.049920E-0003  2.268263E-0002  1.917588E-0002  1.928929E-0002  3.117154E-0002  2.405284E-0002  1.360953E-0002  2.339694E-0002  1.330496E-0002  2.355148E-0002  1.785020E-0002  1.934388E-0002  1.201802E-0002
  2.165144E-0002  4.114605E-0002  1.466703E-0002  2.144213E-0002  1.128681E-0002  1.049920E-0003  0.000000E+0000  2.424744E-0002  3.812528E-0002  3.129848E-0002  1.931524E-0002  4.848110E-0002  3.698754E-0002  5.383624E-0002  4.949591E-0002  1.577340E-0002  3.531320E-0002  3.236000E-0002  9.099852E-0003
  2.358055E-0002  1.747739E-0002  1.336691E-0002  6.772281E-0003  5.506454E-0003  2.268263E-0002  2.424744E-0002  0.000000E+0000  2.299358E-0002  1.624312E-0002  4.309224E-0003  1.475736E-0002  1.645420E-0002  1.865962E-0002  1.493167E-0002  1.142493E-0002  1.921008E-0002  2.370811E-0002  1.284789E-0002
  3.192252E-0002  2.616038E-0002  1.271462E-0002  2.560215E-0002  7.681680E-0003  1.917588E-0002  3.812528E-0002  2.299358E-0002  0.000000E+0000  2.081503E-0002  2.576110E-0002  2.765290E-0002  2.165045E-0002  2.267437E-0002  1.700136E-0002  2.815548E-0002  1.596603E-0002  1.364186E-0002  2.338509E-0002
  6.993150E-0003  1.097882E-0002  1.793012E-0002  1.347359E-0002  1.679398E-0002  1.928929E-0002  3.129848E-0002  1.624312E-0002  2.081503E-0002  0.000000E+0000  3.037072E-0002  2.262427E-0002  1.219871E-0002  1.891613E-0002  3.118725E-0002  2.432306E-0002  3.211567E-0002  1.215997E-0002  1.426521E-0002
  3.629142E-0002  2.774548E-0002  2.668559E-0002  4.244492E-0002  3.064462E-0002  3.117154E-0002  1.931524E-0002  4.309224E-0003  2.576110E-0002  3.037072E-0002  0.000000E+0000  2.463856E-0002  1.952551E-0002  4.935683E-0002  5.324002E-0002  2.771074E-0002  3.329711E-0002  2.599126E-0002  2.178304E-0002
  4.640958E-0002  2.755103E-0002  1.404598E-0002  3.001048E-0002  1.344840E-0002  2.405284E-0002  4.848110E-0002  1.475736E-0002  2.765290E-0002  2.262427E-0002  2.463856E-0002  0.000000E+0000  2.294789E-0002  3.981016E-0002  2.292040E-0002  1.724914E-0002  2.507378E-0002  3.257619E-0002  1.232134E-0002
  2.832869E-0002  1.595764E-0002  1.388458E-0002  2.340346E-0002  6.937113E-0003  1.360953E-0002  3.698754E-0002  1.645420E-0002  2.165045E-0002  1.219871E-0002  1.952551E-0002  2.294789E-0002  0.000000E+0000  1.481464E-0002  6.997781E-0003  1.544153E-0002  1.256320E-0002  2.699371E-0002  1.226294E-0002
  2.736198E-0002  2.297976E-0002  1.920510E-0002  2.650721E-0002  2.437687E-0002  2.339694E-0002  5.383624E-0002  1.865962E-0002  2.267437E-0002  1.891613E-0002  4.935683E-0002  3.981016E-0002  1.481464E-0002  0.000000E+0000  3.809331E-0003  3.005731E-0002  3.189841E-0002  1.730364E-0002  1.710453E-0002
  2.894107E-0002  2.880326E-0002  6.973218E-0003  2.310244E-0002  2.151324E-0002  1.330496E-0002  4.949591E-0002  1.493167E-0002  1.700136E-0002  3.118725E-0002  5.324002E-0002  2.292040E-0002  6.997781E-0003  3.809331E-0003  0.000000E+0000  3.651839E-0002  3.091124E-0002  9.625776E-0003  1.316583E-0002
  1.871568E-0002  9.614114E-0003  2.675335E-0002  1.821977E-0002  1.892070E-0002  2.355148E-0002  1.577340E-0002  1.142493E-0002  2.815548E-0002  2.432306E-0002  2.771074E-0002  1.724914E-0002  1.544153E-0002  3.005731E-0002  3.651839E-0002  0.000000E+0000  3.203008E-0002  1.759125E-0002  2.049579E-0002
  2.939837E-0002  1.788384E-0002  1.704754E-0002  2.601220E-0002  1.282789E-0002  1.785020E-0002  3.531320E-0002  1.921008E-0002  1.596603E-0002  3.211567E-0002  3.329711E-0002  2.507378E-0002  1.256320E-0002  3.189841E-0002  3.091124E-0002  3.203008E-0002  0.000000E+0000  1.904325E-0002  1.806896E-0002
  5.484764E-0002  2.913433E-0002  2.757199E-0002  3.086685E-0002  1.062126E-0002  1.934388E-0002  3.236000E-0002  2.370811E-0002  1.364186E-0002  1.215997E-0002  2.599126E-0002  3.257619E-0002  2.699371E-0002  1.730364E-0002  9.625776E-0003  1.759125E-0002  1.904325E-0002  0.000000E+0000  4.289970E-0002
  2.314105E-0002  7.984794E-0003  1.618218E-0002  5.788095E-0003  1.339942E-0002  1.201802E-0002  9.099852E-0003  1.284789E-0002  2.338509E-0002  1.426521E-0002  2.178304E-0002  1.232134E-0002  1.226294E-0002  1.710453E-0002  1.316583E-0002  2.049579E-0002  1.806896E-0002  4.289970E-0002  0.000000E+0000

  0.000000E+0000  7.425497E-0003  1.407109E-0003  8.262405E-0003  7.616986E-0003  4.100416E-0003  6.445171E-0003  5.951031E-0003  5.837998E-0003  7.921269E-0003  9.543437E-0004  1.375294E-0003  3.580329E-0003  3.134619E-0003  2.431974E-0003  4.194024E-0003  3.404055E-0003  8.887151E-0003  4.719776E-0003
  7.425497E-0003  0.000000E+0000  6.392878E-0003  4.892976E-0003  8.671495E-0003  6.131609E-0003  8.042720E-0003  2.986775E-0003  4.137657E-0003  3.585250E-0003  1.571983E-0003  4.132619E-0003  7.499589E-0003  4.418758E-0003  3.761630E-0003  2.611800E-0003  2.776345E-0003  5.691815E-0003  2.424017E-0003
  1.407109E-0003  6.392878E-0003  0.000000E+0000  3.695319E-0003  4.046397E-0003  6.879503E-0003  6.448532E-0003  2.854794E-0003  4.612653E-0003  7.816619E-0003  5.834031E-0003  1.986331E-0003  1.828011E-0003  3.764989E-0003  3.371180E-0003  3.958589E-0003  5.228512E-0003  8.596292E-0003  3.339393E-0003
  8.262405E-0003  4.892976E-0003  3.695319E-0003  0.000000E+0000  3.004796E-0003  4.603175E-0003  8.111214E-0003  4.815361E-0003  7.018024E-0003  1.035704E-0002  4.553558E-0003  6.238070E-0003  5.880521E-0003  5.273440E-0003  1.550469E-0003  1.832410E-0003  3.127404E-0003  6.614202E-0003  6.202800E-0003
  7.616986E-0003  8.671495E-0003  4.046397E-0003  3.004796E-0003  0.000000E+0000  9.625127E-0003  8.745884E-0003  5.283683E-0003  3.323652E-0003  4.858989E-0003  5.272907E-0003  4.277932E-0003  4.885272E-0003  3.840689E-0003  3.285052E-0003  5.030891E-0003  2.482929E-0003  3.138649E-0003  2.781460E-0003
  4.100416E-0003  6.131609E-0003  6.879503E-0003  4.603175E-0003  9.625127E-0003  0.000000E+0000  6.320445E-0003  7.970547E-0003  7.363611E-0003  8.466439E-0003  1.788802E-0003  6.445171E-0003  6.168455E-0003  5.134439E-0003  8.145830E-0003  6.321689E-0003  6.606312E-0003  1.337556E-0002  5.246274E-0003
  6.445171E-0003  8.042720E-0003  6.448532E-0003  8.111214E-0003  8.745884E-0003  6.320445E-0003  0.000000E+0000  4.553343E-0003  7.330419E-0003  1.537987E-0002  3.818890E-0003  8.194306E-0003  4.688013E-0003  7.534364E-0003  6.139820E-0003  6.163331E-0003  6.323110E-0003  6.396484E-0003  7.474632E-0003
  5.951031E-0003  2.986775E-0003  2.854794E-0003  4.815361E-0003  5.283683E-0003  7.970547E-0003  4.553343E-0003  0.000000E+0000  5.813147E-0003  1.641727E-0003  7.379941E-0003  5.590163E-0003  7.286102E-0003  1.181263E-0002  3.929029E-0003  3.076379E-0003  3.770029E-0003  1.537906E-0002  1.197295E-0002
  5.837998E-0003  4.137657E-0003  4.612653E-0003  7.018024E-0003  3.323652E-0003  7.363611E-0003  7.330419E-0003  5.813147E-0003  0.000000E+0000  6.290357E-0003  6.879873E-0003  6.836305E-0003  9.972841E-0004  3.464406E-0003  2.033547E-0003  1.415323E-0003  2.288937E-0003  1.374933E-0002  1.323615E-0002
  7.921269E-0003  3.585250E-0003  7.816619E-0003  1.035704E-0002  4.858989E-0003  8.466439E-0003  1.537987E-0002  1.641727E-0003  6.290357E-0003  0.000000E+0000  5.704877E-0003  8.091379E-0003  2.520360E-0003  4.746818E-0003  7.115202E-0003  3.686649E-0003  5.810066E-0003  9.715027E-0003  1.048263E-0002
  9.543437E-0004  1.571983E-0003  5.834031E-0003  4.553558E-0003  5.272907E-0003  1.788802E-0003  3.818890E-0003  7.379941E-0003  6.879873E-0003  5.704877E-0003  0.000000E+0000  1.111931E-0002  8.288651E-0003  5.992505E-0003  9.836140E-0003  7.234267E-0003  8.487952E-0003  1.018511E-0002  1.332369E-0002
  1.375294E-0003  4.132619E-0003  1.986331E-0003  6.238070E-0003  4.277932E-0003  6.445171E-0003  8.194306E-0003  5.590163E-0003  6.836305E-0003  8.091379E-0003  1.111931E-0002  0.000000E+0000  7.865328E-0003  5.513196E-0003  6.953272E-0003  8.912825E-0003  1.271487E-0002  9.987334E-0003  1.177027E-0002
  3.580329E-0003  7.499589E-0003  1.828011E-0003  5.880521E-0003  4.885272E-0003  6.168455E-0003  4.688013E-0003  7.286102E-0003  9.972841E-0004  2.520360E-0003  8.288651E-0003  7.865328E-0003  0.000000E+0000  6.102462E-0003  2.690028E-0003  4.756902E-0003  3.834061E-0003  1.691816E-0002  1.056719E-0002
  3.134619E-0003  4.418758E-0003  3.764989E-0003  5.273440E-0003  3.840689E-0003  5.134439E-0003  7.534364E-0003  1.181263E-0002  3.464406E-0003  4.746818E-0003  5.992505E-0003  5.513196E-0003  6.102462E-0003  0.000000E+0000  9.855025E-0003  3.766815E-0003  5.469598E-0003  1.490249E-0002  2.541140E-0002
